1:0 22 29 33 36 38 45 72 73 74 75 76 77 79 92 113 115 156 164 182 188 200 263
2:0 22 29 33 36 38 45 72 73 74 75 76 77 79 92 113 115 156 164 182 188 200 263
3:0 22 29 33 36 38 45 63 72 73 74 75 76 77 79 80 89 92 113 115 133 156 164 182 188 200 263 438
4:0 7 9 10 29 45 52 53 69 82 83 91 92 108 115 126 154 156 157 163 164 182 200 231 261 263 280 406
5:0 7 9 10 29 45 52 53 69 82 83 91 92 108 115 126 154 156 157 163 164 182 200 231 261 263 280 406
6:0 7 9 10 17 19 29 45 52 53 63 68 69 76 82 83 89 91 92 108 115 126 154 156 157 163 164 182 200 231 242 257 261 263 280 355 394 403 406 525
7:0 8 29 33 39 44 55 56 57 58 59 61 69 91 92 110 115 127 130 145 156 157 164 182 200 231 263 280 406 503
8:0 8 29 33 39 44 55 56 57 58 59 61 69 91 92 110 115 127 130 145 156 157 164 182 200 231 263 280 406 503
9:0 8 29 33 39 44 55 56 57 58 59 61 63 69 89 91 92 110 115 127 130 145 156 157 164 182 200 231 252 263 280 399 406 430 453 503 525
10:0 33 81
11:0 33 81 106
12:0 16 18 29 33 48 60 63 72 76 77 78 79 81 92 93 94 100 106 115 138 156 164 182 247 263 355 369 403 405 483
13:0 40 81
14:0 40 81 106
15:0 29 31 40 41 42 63 64 72 76 81 92 97 99 106 115 116 156 164 182 188 200 263 280 355 369 398 404 529
16:0 13 16 17 18 19 28 29 33 92 97 98 115 119 156 164 182 263 355 369 403
17:0 13 16 17 18 19 28 29 33 92 97 98 115 119 156 164 182 263 355 369 403
18:0 13 16 17 18 19 28 29 33 63 92 97 98 115 119 143 156 164 182 257 263 355 369 403
19:0 29 33 38 39 44 58 59 85 86 87 91 92 98 116 156 158 162 164 182 231 242 247 263 269 369 389
19:1 33 38 39 44 98 116 158 162 242 389
20:0 14 29 33 38 39 44 58 59 63 68 85 86 87 91 92 98 116 154 156 158 162 164 182 231 242 247 263 269 369 389
20:1 14 33 38 39 44 68 98 116 154 158 162 242 389
21:0 19 29 31 43 45 64 65 92 97 116 119 156 161 164 182 263 355 369 529
22:0 19 29 31 43 45 63 64 65 92 97 98 116 119 143 156 161 164 182 263 355 369 529
23:0 21 29 35 40 43 44 51 72 89 91 92 103 114 137 156 157 164 182 188 231 263 398 399
24:0 21 29 35 40 43 44 51 63 72 89 91 92 103 114 137 156 157 164 182 188 231 242 263 389 398 399 525
25:0 6 9 21 24 29 39 45 69 84 85 86 87 91 92 97 98 104 113 115 156 164 182 231 263 270 280 347
26:0 6 9 21 24 29 39 45 63 69 84 85 86 87 91 92 97 98 104 113 115 156 164 182 227 231 252 263 270 280 347
26:1 6 9 21 24 29 39 45 69 84 85 86 87 91 92 94 97 98 104 113 115 156 164 182 227 231 252 263 270 280 347
27:0 10 14 28 29 40 69 89 91 92 111 129 154 156 157 163 164 182 231 263 280 398 404 446
27:1 10 14 59 111 117 129 154 163 181 210 229 232 258 301 334 360 442
28:0 10 14 28 29 40 63 68 69 89 91 92 111 129 154 156 157 163 164 182 231 263 280 398 404 446 529
28:1 10 14 59 111 117 129 154 163 181 210 229 232 258 301 334 360 368 442 556
29:0 10 24 29 39 40 44 45 58 59 85 87 91 92 115 154 156 162 164 182 188 231 242 263 270 398
30:0 10 24 29 39 40 44 45 58 59 85 87 91 92 115 154 156 162 164 182 188 231 242 263 270 398
31:0 6 7 8 9 10 24 29 34 39 40 44 45 48 53 57 58 59 63 68 69 85 87 89 91 92 115 126 154 156 157 162 164 182 188 200 231 242 247 263 269 270 276 280 398 406 446 525 529
32:0 24 29 30 31 32 40 43 58 59 64 85 87 91 92 115 116 156 164 182 188 231 263 270 398 529
33:0 24 29 30 31 32 40 43 58 59 64 85 87 91 92 115 116 156 164 182 188 231 263 270 398 529
34:0 6 7 8 9 24 29 30 31 32 37 40 43 48 53 57 58 59 63 64 68 69 85 87 89 91 92 115 116 126 156 157 164 182 188 200 224 231 247 263 269 270 276 280 398 406 446 525 529
35:0 1 3 7 8 9 29 34 45 47 53 58 59 69 76 85 86 87 91 92 94 100 107 111 113 115 118 126 133 138 156 161 164 182 227 231 247 263 270 280 347 446 563 572 579
36:0 1 3 7 8 9 29 34 45 47 53 58 59 63 69 76 85 86 87 91 92 94 100 107 111 113 115 118 126 133 138 156 161 164 182 227 231 247 263 270 280 347 446 563 572 579
37:0 29 33 39 46 52 53 83 91 92 98 109 115 126 156 164 182 231 261 263 399 492
37:1 33 39 46 54 58 59 62 109 420 563
38:0 29 33 39 46 52 53 63 76 83 91 92 95 98 109 115 126 138 156 164 182 231 261 263 347 399 417 492
38:1 33 39 46 54 58 59 62 95 98 109 417 420 563
39:0 1 3 7 8 9 29 34 38 47 50 53 58 59 69 76 85 86 87 91 92 94 100 102 111 113 115 117 126 138 156 161 164 182 247 263 270 280 446 563 579
40:0 1 3 7 8 9 29 34 38 47 50 53 58 59 63 69 76 85 86 87 91 92 94 100 102 107 111 113 115 117 126 138 156 161 164 182 247 263 270 280 446 563 579
41:0 17 19 29 44 48 71 72 92 109 114 129 141 156 164 182 188 247 263 269 355 369 403
42:0 17 18 19 29 44 48 63 71 72 92 98 109 114 129 141 156 164 182 188 242 247 263 269 355 369 403
43:0 29 51 71 72 74 75 76 77 78 79 92 115 156 164 182 188 263 563 572
44:0 29 51 71 72 74 75 76 77 78 79 92 115 156 164 182 188 263 563 572
45:0 29 51 63 71 72 74 75 76 77 78 79 80 92 115 156 164 182 188 263 563 572
46:0 10 29 71 72 74 76 77 78 79 91 92 113 115 141 147 154 156 163 164 182 188 263 280 404
47:0 10 29 63 71 72 73 74 76 77 78 79 91 92 103 113 115 141 147 154 156 163 164 182 188 263 280 404
48:0 29 33 48 50 60 72 76 77 78 79 92 93 94 115 141 156 164 182 188 263
49:0 16 29 33 48 50 60 63 72 76 77 78 79 92 93 94 97 100 103 115 138 141 156 164 182 188 263 355 369 405 483
50:0 10 28 29 45 89 90 91 92 97 154 156 157 163 164 182 188 263 389 446
50:1 10 28 45 89 90 91 97 154 163 389
51:0 10 28 29 45 63 89 90 91 92 97 103 154 156 157 161 163 164 182 188 263 389 446
51:1 10 28 45 89 90 91 97 103 154 161 163 389
52:0 6 10 29 44 45 85 87 91 92 103 154 156 163 164 182 231 247 252 263 269 364 369 399 417 492 579
52:1 6 10 44 45 103 154 163 252 269 364 417 579
53:0 6 10 29 44 45 63 85 87 91 92 95 103 129 133 138 154 156 163 164 182 231 247 252 263 269 364 369 399 417 492 579
53:1 6 10 44 45 95 103 129 133 154 163 252 269 364 417 579
54:0 6 8 10 29 39 50 55 56 57 58 59 60 69 91 92 93 94 103 113 127 133 154 156 164 182 231 263 280 347 503
55:0 6 8 10 29 39 50 55 56 57 58 59 60 63 69 91 92 93 94 103 113 127 133 154 156 164 182 227 231 263 280 281 347 503
56:0 2 6 7 8 9 10 29 37 43 67 69 85 87 89 91 92 103 116 154 156 157 164 182 200 231 263 269 270 280 339 369 398
57:0 2 6 7 8 9 10 29 37 43 63 67 68 69 85 87 89 91 92 99 103 116 154 156 157 164 182 200 227 231 263 269 270 280 339 369 398
58:0 29 36 43 44 46 52 53 91 92 97 115 126 156 164 182 200 231 242 257 261 263 270 394 579
59:0 29 36 38 43 44 46 52 53 63 76 91 92 97 100 115 126 156 164 182 200 231 242 257 261 263 270 276 394 406 579
60:0 1 3 29 34 55 56 57 58 59 61 67 91 92 94 95 127 145 156 164 182 263 270 503
61:0 1 3 8 29 34 55 56 57 58 59 61 67 69 89 91 92 94 95 127 145 156 164 182 263 270 280 503
62:0 1 3 8 29 34 54 55 56 57 58 59 61 63 66 67 69 89 91 92 94 95 114 127 145 156 157 164 182 263 270 276 280 339 398 503
63:0 7 8 9 29 69 86 92 94 100 113 115 138 156 161 164 182 231 247 263 269 347 492 563
64:0 7 8 9 29 50 60 69 86 91 92 93 94 100 101 105 113 115 134 138 148 156 161 164 182 231 247 263 269 347 492 563
65:0 7 8 9 29 50 60 63 69 86 91 92 93 94 100 101 105 112 113 115 134 138 148 156 161 164 182 227 231 247 263 269 347 492 563
66:0 2 7 8 9 29 43 53 66 67 69 89 91 92 113 116 117 126 156 157 164 182 263 270 276 280 339 398
67:0 2 7 8 9 29 43 53 66 67 69 89 91 92 113 116 117 126 156 157 164 182 263 270 276 280 339 398
68:0 2 7 8 9 29 43 53 63 66 67 68 69 70 89 91 92 113 116 117 126 156 157 164 182 227 263 270 276 280 339 398
69:0 21 22 29 35 51 72 74 75 76 77 78 79 92 115 156 164 182 188 263 398
70:0 21 22 29 35 51 72 74 75 76 77 78 79 92 115 156 164 182 188 263 398
71:0 14 21 22 29 35 51 63 72 74 75 76 77 78 79 92 115 141 156 164 182 188 263 389 398 438 499
72:0 29 35 40 48 51 56 57 58 59 61 72 92 103 112 115 127 132 156 164 182 188 263 398 503 563
73:0 29 35 40 48 51 56 57 58 59 61 63 72 92 103 112 114 115 127 132 156 164 182 188 243 263 398 503 563
74:0 7 9 28 29 33 36 38 53 69 88 89 91 92 111 117 120 126 153 156 157 164 182 263 276 280 446
74:1 9 33 36 38 84 88 111 117 120 153 157 446
75:0 7 9 28 29 33 36 38 53 69 88 89 91 92 111 117 120 126 153 156 157 164 182 263 276 280 446
75:1 9 33 36 38 84 88 111 117 120 153 157 446
76:0 5 7 9 28 29 33 36 38 53 63 69 88 89 91 92 111 117 120 126 153 156 157 164 182 263 276 280 446
76:1 5 9 33 36 38 84 88 111 117 120 153 157 446
77:0 23 24 29 33 36 39 45 52 53 76 83 92 97 98 115 126 156 164 182 231 261 263 394
78:0 23 24 29 31 32 33 36 39 45 52 53 63 76 83 92 95 97 98 115 126 156 164 182 224 231 261 263 394 398 529
79:0 6 29 33 45 50 53 55 57 58 59 86 89 91 92 93 94 100 113 115 126 133 138 156 161 164 182 231 247 263 281 347 503
80:0 6 8 23 29 33 45 50 53 55 57 58 59 63 69 86 89 91 92 93 94 100 110 113 115 126 133 138 156 161 164 182 231 247 263 280 281 347 492 503
81:0 29 33 48 49 84 85 86 87 92 100 103 113 115 156 164 182 263 430
82:0 29 33 48 49 63 84 85 86 87 92 100 103 113 115 156 161 164 182 263 430
83:0 14 15 19 28 29 31 43 64 75 92 97 98 115 116 119 143 156 163 164 182 231 263 270 355 364 369 398 403
84:0 14 19 26 29 31 37 45 64 65 92 97 98 99 115 156 164 182 263 355
85:0 14 19 26 29 31 37 45 48 63 64 65 92 97 98 99 115 119 156 161 164 182 263 269 355
86:0 6 29 36 38 45 57 58 59 62 92 127 156 164 182 224 227 231 263 270 420 453 529
87:0 6 29 32 36 38 45 57 58 59 62 63 92 127 156 164 182 224 227 231 252 263 270 420 453 529
88:0 1 7 8 9 29 50 53 72 85 87 91 92 103 106 107 120 124 126 139 151 156 157 164 182 188 247 263 269 270 398
88:1 1 44 50 103 106 107 139 151 188 242
89:0 1 7 8 9 29 50 53 63 72 85 87 91 92 103 106 107 114 120 124 126 139 151 156 157 164 182 188 247 263 269 270 280 398 399 572
89:1 1 44 50 103 106 107 114 139 151 188 242 572
90:0 29 33 43 48 55 56 57 58 59 62 92 100 110 115 120 128 156 161 164 182 263 420 504
91:0 29 33 41 43 48 55 56 57 58 59 62 63 92 100 110 112 115 120 128 131 156 161 164 182 263 398 420 504
92:0 7 8 9 29 72 85 87 92 94 95 101 109 120 122 123 138 139 156 164 182 188 247 261 263 269 389 399 492 563
93:0 7 8 9 29 72 85 87 92 94 95 101 109 120 122 123 138 139 156 164 182 188 247 261 263 269 389 398 399 492 563
94:0 7 8 9 29 50 63 69 72 85 87 92 94 95 101 109 114 120 122 123 138 139 156 164 182 188 247 261 263 269 280 389 398 399 492 563
95:0 20 21 29 33 38 88 89 91 92 99 103 106 120 156 157 164 182 231 263 269 406 430 446 525
96:0 1 7 8 9 29 50 60 69 86 92 93 94 95 96 100 113 115 138 139 156 161 164 182 247 263 269 280 347 417 492 563
97:0 1 7 8 9 29 50 60 63 69 86 92 93 94 95 96 100 112 113 115 138 139 156 161 164 182 247 263 269 280 347 417 492 563
98:0 11 12 21 23 29 43 57 58 59 61 91 92 106 145 152 156 157 164 182 263 276 280 404 503
99:0 11 12 21 23 29 43 57 58 59 61 63 91 92 97 106 133 145 152 156 157 164 182 263 276 280 404 503
100:0 29 33 49 84 85 86 87 92 100 103 113 115 120 129 153 156 164 182 243 263 269 492
101:0 29 33 49 63 84 85 86 87 92 100 103 113 115 120 129 153 156 164 182 243 263 269 492
102:0 29 60 72 73 76 77 78 79 92 93 94 95 100 113 115 120 138 140 156 164 182 188 263
103:0 23 29 60 63 72 73 76 77 78 79 92 93 94 95 100 113 115 120 121 138 140 156 164 182 188 263 438
103:1 29 60 72 73 76 77 78 79 92 93 94 95 100 113 115 120 121 138 140 156 164 182 188 263 406 438
104:0 7 9 29 37 38 39 43 45 53 58 59 69 89 91 92 99 116 125 126 155 156 157 164 182 231 263 280 446
105:0 7 9 14 29 37 38 39 43 45 53 58 59 63 69 89 91 92 99 103 116 125 126 155 156 157 164 182 200 231 263 280 446
105:1 7 9 14 29 37 38 39 43 45 53 58 59 69 83 89 91 92 99 103 116 125 126 155 156 157 164 182 231 261 263 280 394 446
106:0 24 25 26 27 29 69 89 92 96 116 136 156 157 164 182 263 270 276 280 339 364 398
107:0 4 5 7 8 9 29 43 68 69 89 92 97 116 129 146 156 157 164 182 263 270 280 339 364
108:0 7 8 9 20 21 23 29 35 37 50 51 53 57 58 59 63 69 76 85 87 89 91 92 103 122 126 138 156 157 164 182 231 247 263 270 280 438 525
109:0 29 33 53 85 87 92 114 120 123 124 126 139 153 156 164 182 188 247 261 263 269 399 499
110:0 29 33 53 60 63 85 87 92 103 114 120 123 124 126 139 153 156 164 182 188 247 261 263 269 399 499
111:0 23 28 29 30 31 32 36 39 53 58 59 85 87 88 89 91 92 126 156 157 164 182 224 231 263 276 398 406 446 529
112:0 6 7 8 9 23 28 29 30 31 32 36 39 53 57 58 59 63 68 69 85 87 88 89 91 92 126 156 157 164 182 200 224 231 242 263 270 276 280 398 406 446 525 529
113:0 1 3 7 8 9 29 36 38 39 45 47 53 58 59 63 69 76 85 86 87 89 92 94 100 107 111 113 115 121 126 135 138 156 157 161 164 182 231 247 263 270 280 347 446 563
114:0 20 21 22 29 63 71 72 73 74 76 77 78 79 92 93 115 132 133 156 164 182 188 263 438
115:0 4 5 7 8 9 29 39 43 44 53 57 58 59 63 69 76 85 87 89 91 92 99 126 146 156 157 164 182 200 231 242 247 252 263 270 280 389
116:0 29 43 55 56 57 58 59 61 92 97 108 116 127 145 156 164 182 200 263 406 430 503
117:0 29 43 50 55 56 57 58 59 61 63 92 97 108 116 127 145 156 164 182 200 263 406 430 499 503
118:0 29 30 31 32 39 48 57 58 59 64 92 97 98 127 156 164 182 224 263 398 503 529
119:0 29 30 31 32 39 48 57 58 59 60 63 64 92 97 98 127 130 156 164 182 224 263 398 503 529
120:0 29 33 55 56 57 58 59 61 85 86 87 92 94 100 105 106 107 109 113 115 127 129 149 156 161 164 182 263 430 503 563
121:0 29 33 55 56 57 58 59 61 63 85 86 87 92 94 100 105 106 107 109 113 115 127 129 138 149 156 161 164 182 263 430 503 563
122:0 1 3 7 8 9 29 60 63 69 76 85 86 87 92 93 94 96 100 102 112 113 115 138 149 156 164 182 227 247 263 269 270 280 347 492 563
123:0 13 14 17 29 43 63 92 97 98 104 113 116 156 163 164 182 263 280 355 364 369 403 404
124:0 1 3 8 29 34 58 59 63 69 92 93 94 100 103 113 115 122 138 142 156 164 182 247 263 269 270 280 347
125:0 7 8 9 29 43 63 67 69 84 85 86 87 92 94 98 100 103 113 115 129 156 164 182 231 263 269 270 280
126:0 7 9 29 43 52 53 63 67 69 83 92 94 100 108 109 123 126 156 164 182 231 261 263 269 270 280 499
127:0 11 12 14 20 29 37 63 66 69 89 91 92 106 116 156 157 164 182 200 263 270 276 280 339 404 446
128:0 29 30 33 36 37 38 39 43 53 57 58 59 63 76 85 87 89 92 99 116 126 156 157 164 182 200 231 263 270
129:0 33 150
130:0 20 29 33 37 43 44 53 56 57 58 59 63 82 85 86 87 89 92 99 115 126 127 150 156 164 182 200 231 242 263 269 399 406 503 525
131:0 29 34 45 47 54 55 56 57 58 59 63 76 85 87 92 94 109 115 127 138 156 164 182 200 224 231 263 406 420 529
132:0 144
133:0 6 24 28 29 33 36 38 39 44 45 91 92 98 115 129 156 164 182 231 247 263 270
134:0 6 24 28 29 33 36 38 39 44 45 55 56 57 58 59 62 63 91 92 98 114 115 127 129 151 156 164 182 231 247 263 270 281 503
135:0 6 24 28 29 33 36 38 39 42 44 45 63 84 85 86 87 91 92 97 98 113 115 129 156 164 182 231 247 263 270 281
136:0 6 24 28 29 33 36 38 39 44 45 52 53 63 83 91 92 98 115 116 123 126 129 156 164 182 231 247 261 263 270 276 281 394
137:0 29 33 58 59 60 63 76 85 86 87 92 94 97 100 105 112 115 138 156 159 160 161 164 182 231 247 263 492
138:0 29 43 44 55 56 57 58 59 88 92 110 115 127 132 156 157 164 182 263 446 503 504
139:0 29 43 44 48 55 56 57 58 59 63 69 88 92 110 115 117 127 131 132 156 157 164 182 263 446 503 504
140:0 10 28 29 43 57 58 59 71 72 88 91 92 106 115 127 141 156 157 164 182 263 446 453 503
141:0 10 14 28 29 43 57 58 59 63 69 71 72 88 91 92 103 106 109 115 127 141 156 157 163 164 182 263 276 280 364 404 446 453 503
142:0 17 19 29 36 44 46 48 53 63 88 89 92 97 115 126 156 157 164 182 231 242 263 269 355 406 446
143:0 6 7 8 9 29 33 34 53 57 58 59 63 69 76 85 87 89 92 94 103 111 115 120 122 126 133 156 157 164 182 200 242 247 263 276 280 281
144:0 16 19 29 43 54 58 59 63 92 97 115 143 156 164 182 243 263 355 369 420
145:0 19 29 43 63 64 65 84 85 86 87 92 97 113 115 143 156 164 182 263 355 369
146:0 17 19 29 43 52 53 63 76 83 92 97 115 126 143 156 164 182 257 261 263 355 369 403
147:0 21 29 35 43 53 57 58 59 63 82 85 86 87 92 97 113 115 126 127 156 164 182 200 231 263 406 525
148:0 21 29 35 43 53 57 58 59 63 82 85 86 87 92 97 113 115 126 127 156 164 182 200 231 263 406 525
149:0 7 8 9 17 19 21 29 35 43 53 54 57 58 59 63 82 85 86 87 89 92 97 113 115 126 127 156 157 164 182 200 231 263 276 280 355 406 453 525
150:0 6 7 8 9 29 50 53 54 58 59 60 63 69 76 85 86 87 89 92 93 94 97 100 105 109 112 113 115 120 126 129 133 138 149 156 157 161 164 182 231 247 261 263 269 280 339 347 398 492
151:0 1 5 6 7 8 9 19 29 53 57 58 59 63 69 72 76 85 86 87 89 91 92 93 94 100 102 112 113 115 118 120 126 127 129 133 138 144 149 156 157 161 164 182 188 200 224 231 247 261 263 269 270 276 280 339 347 355 369 398 399 404 406 417 430 446 492 503 525 529 563 579
808:0 29 39 84 85 86 92 106 151 156 164 182 430
809:0 5 8 9 29 39 58 63 84 85 86 87 89 92 106 120 151 156 157 164 182 223 263 276 280 430 435 711