1:0 22 33 36 38 45 73 74 75 77 79
2:0 22 33 36 38 45 73 74 75 76 77 79
3:0 22 33 36 38 45 73 74 75 76 77 79 80 133 438
4:0 10 45 52 53 82 83 108 154 163
5:0 10 45 52 53 82 83 108 154 163
6:0 10 17 45 52 53 68 82 83 108 154 163 242 257 394 403
7:0 29 33 39 44 55 56 61 110 130 145 182
8:0 29 33 39 44 55 56 61 110 130 145 182
9:0 29 33 39 44 55 56 61 110 130 145 182 252 430 453
10:0 33 81
11:0 106
12:0 16 18 48 60 77 78 79 93 403 405 483
13:0 40 81
14:0 106
15:0 31 41 42 64 97 99 116 200 398
16:0 13 16 17 18 28 33 97 98 119 355 403
17:0 13 16 17 18 28 33 97 98 119 355 403
18:0 13 16 17 18 28 33 97 98 119 143 257 355 403
19:0 33 38 39 44 98 116 158 162 242 389
19:1 33 38 39 44 98 116 158 162 242 389
20:0 14 33 38 39 44 68 98 116 154 158 162 242 389
20:1 14 33 38 39 44 68 98 116 154 158 162 242 389
21:0 31 43 45 64 65 97 116 119 355
22:0 31 43 45 64 65 97 98 116 119 143 355 529
23:0 21 35 40 43 44 51 92 103 114 137 398
24:0 21 35 40 43 44 51 92 103 114 137 242 389 398
25:0 21 24 39 45 84 85 86 87 97 98 104 113
26:0 9 39 45 84 98 227 252
26:1 39 45 84 94 104 227 252
27:0 10 14 28 40 89 91 111 129 154 163 182
27:1 10 14 59 111 117 129 154 163 181 210 229 232 258 301 334 360 442
28:0 10 14 28 40 68 89 91 111 129 154 163 182
28:1 111 163 232 301 368 556
29:0 10 24 39 40 44 45 92 154 162 242 270
30:0 10 24 39 40 44 45 92 154 162 242 270
31:0 10 34 39 40 45 48 68 276
32:0 24 30 31 32 40 43 64 92 116 270 398
33:0 24 30 31 32 40 43 64 92 116 270 398
34:0 37 40 43 48 64 68 116 224
35:0 1 3 34 45 47 107 111 118 133 227 572
36:0 1 45 47 111 118
37:0 33 39 46 52 53 83 98 109 126 261
37:1 33 39 46 54 58 59 62 109 420 563
38:0 33 39 52 95 98 417
38:1 33 39 54 95 98 417
39:0 1 3 34 38 47 50 102 111 117 156
40:0 1 47 107 117
41:0 17 44 48 71 92 109 114 129 141 403
42:0 17 18 44 48 71 92 98 109 114 129 141 242 403
43:0 51 71 72 74 75 77 78 79 92 572
44:0 51 71 72 74 75 77 78 79 92 572
45:0 51 71 74 76 77 80
46:0 10 71 74 77 78 79 141 147 154 163 404
47:0 10 71 73 74 77 78 79 103 141 147 154 163 404
48:0 33 48 50 60 77 78 79 93 94 141
49:0 16 33 48 50 60 77 78 79 93 94 97 103 141 405 483
50:0 10 28 45 89 90 91 97 154 163 389
50:1 10 28 45 89 90 91 97 154 163 389
51:0 10 28 45 89 90 91 97 103 154 161 163 389
51:1 10 28 45 89 90 91 97 103 154 161 163 389
52:0 6 10 44 45 103 154 163 252 269 364 417 579
52:1 6 10 44 45 103 154 163 252 269 364 417 579
53:0 6 10 44 45 95 103 129 133 154 163 252 269 364 417 579
53:1 6 10 44 45 95 103 129 133 154 163 252 269 364 417 579
54:0 10 39 50 55 56 57 60 93 103 133 154
55:0 10 39 50 55 56 57 60 93 103 133 154 227 281
56:0 2 10 37 43 67 69 103 116 154 200 269 369
57:0 2 10 37 43 67 68 69 99 103 116 154 200 227 269 369
58:0 36 43 44 46 52 53 97 200 242 257 270 394 579
59:0 38 43 44 46 52
60:0 1 3 34 55 56 61 67 95 145
61:0 1 3 34 55 56 61 67 95 145
62:0 1 54 55 66 95 114 145 276 339
63:0 100
64:0 50 60 93 94 100 101 105 115 134 148 164
65:0 50 60 93 94 100 101 105 112 115 134 148 164 227 347
66:0 2 43 66 67 69 116 117 276 280 339
67:0 2 43 66 67 69 116 117 276 280 339
68:0 2 43 66 67 68 69 70 116 117 227 276 280 339
69:0 21 22 35 51 74 75 77 78 79 398
70:0 21 22 35 51 74 75 77 78 79 398
71:0 14 22 35 51 74 141 389 438 499
72:0 35 40 48 51 56 57 61 103 112 132 398
73:0 35 40 48 51 56 57 61 103 112 114 132 243 398
74:0 28 33 36 38 88 89 111 117 120 153 157 446
74:1 9 33 36 38 84 88 111 117 120 153 157 446
75:0 28 33 36 38 88 89 111 117 120 153 157 446
75:1 9 33 36 38 84 88 111 117 120 153 157 446
76:0 5 28 33 36 38 88 89 111 117 120 153 157 446
76:1 5 9 33 36 38 84 88 111 117 120 153 157 446
77:0 23 24 33 36 39 45 52 83 97 98 126 394
78:0 23 24 31 32 33 36 39 45 52 83 95 97 98 126 224 394 398
79:0 33 45 50 55 57 93 94 133 156 281
80:0 23 33 45 50 55 57 93 94 110 133 156 281
81:0 33 48 49 84 85 86 87 103 113 430
82:0 33 48 49 84 85 86 87 103 113 161 430
83:0 14 15 28 31 43 64 75 97 98 116 119 143 163 364 398 403
84:0 14 26 31 37 45 64 65 97 98 99
85:0 14 26 31 37 45 48 64 65 97 98 99 119 161
86:0 29 36 38 45 58 62 127 156 227 420 453
87:0 29 32 36 38 45 58 62 127 156 227 252 420 453
88:0 1 50 92 103 106 107 124 139 151 188
88:1 1 44 50 103 106 107 139 151 188 242
89:0 1 50 92 103 106 107 114 124 139 151 188 572
89:1 1 44 50 103 106 107 114 139 151 188 242 572
90:0 33 43 48 55 56 58 62 110 128 182 420 504
91:0 33 41 43 55 110 112 131
92:0 92 95 101 109 122 123 138 139 247 261 389 399
93:0 92 95 101 109 122 123 138 139 247 261 389 399
94:0 50 92 95 101 109 114 122 123 138 139 247 261 389 399
95:0 20 21 33 38 88 89 91 99 103 106 157 231 446
96:0 1 29 50 60 93 94 95 96 138 139 417
97:0 1 29 50 60 93 94 95 96 112 138 139 417
98:0 11 12 21 23 43 61 106 145 152 182
99:0 11 12 21 23 43 61 97 106 133 145 152 182
100:0 33 49 84 85 103 113 120 129 153 243
101:0 33 49 84 85 103 113 120 129 153 243
102:0 60 73 76 77 78 79 93 95 115 140
103:0 23 78 93 95 121 140 438
103:1 78 93 95 121 140 406 438
104:0 29 37 38 39 43 45 99 116 125 155
105:0 14 29 37 38 39 43 45 99 103 116 125 155
105:1 14 37 39 43 45 83 99 103 125 155 261 394
106:0 24 25 26 27 96 116 136 263 280 364
107:0 4 5 7 8 9 43 68 97 116 129 146 364
108:0 20 21 23 35 37 50 51 103 122 438
109:0 33 92 114 120 123 124 139 153 188 499
110:0 33 60 92 103 114 120 123 124 139 153 188 499
111:0 23 28 30 31 32 36 39 88 89 157 224 529
112:0 23 28 30 31 32 36 39 68 88 89 157 224 242 529
113:0 1 3 36 38 39 45 47 107 111 113 121 135
114:0 20 21 22 71 72 73 74 77 78 79 93 132 133 438
115:0 4 5 39 43 44 99 146 200 242 252 389
116:0 43 55 56 61 97 108 116 127 145 406
117:0 43 50 55 56 61 97 108 116 127 145 406 499
118:0 30 31 32 39 48 64 97 98 127 224
119:0 30 31 32 39 48 60 64 97 98 127 130 224
120:0 33 55 56 61 94 105 106 107 109 113 129 149
121:0 33 55 106 149
122:0 1 3 60 93 94 96 102 112 113 115 149 164 227
123:0 13 14 17 43 97 98 104 116 163 364 403 404
124:0 1 3 8 34 59 93 94 103 122 142
125:0 9 43 67 84 85 86 87 98 103 113 129
126:0 7 43 52 53 67 83 108 109 123 126 499
127:0 11 12 14 20 37 66 69 106 116 276 280 404
128:0 30 33 36 37 38 39 43 99 116 156 200
129:0 33 150
130:0 20 37 43 44 56 63 82 99 127 200 242 525
131:0 34 45 47 54 55 56 57 58 59 109 406 420
132:0 144
133:0 24 28 33 36 38 39 44 45 98 129 270
134:0 24 28 33 39 45 55 56 62 98 114 151 270 281
135:0 24 28 33 39 42 45 84 86 87 97 98 270 281
136:0 24 28 33 39 45 52 83 98 116 123 270 281 394
137:0 33 60 63 86 97 105 112 159 160 161
138:0 43 44 55 56 88 110 132 157 182 504
139:0 43 44 48 55 56 88 110 117 131 132 157 182 504
140:0 10 28 43 71 88 106 141 157 453
141:0 10 14 28 43 71 88 103 106 109 141 157 163 364 453
142:0 17 19 36 44 46 48 63 88 97 157 242
143:0 29 33 34 103 111 122 133 156 242 276 281
144:0 16 43 54 58 59 97 115 143 243 355 420
145:0 43 64 65 84 85 86 87 97 113 143 355
146:0 17 43 52 53 76 83 97 143 257 355 403
147:0 21 35 43 63 82 86 97 200 525
148:0 21 35 43 63 82 86 97 200 525
149:0 7 9 17 21 35 43 54 63 82 86 97 200 355 453 525
150:0 50 54 60 93 94 97 100 105 109 112 129 133 149 347
151:0 1 5 93 94 102 112 118 129 133 144 149 417
808:0 29 39 84 86 106 151 430
809:0 5 9 29 39 63 84 86 106 151 182 223 276 430 435 711