11:0 33 81
12:0 33 81 106
14:0 40 81
15:0 40 81 106
26:0 21 24 97 104
26:1 6 9 21 24 29 69 85 86 87 91 92 97 98 113 115 156 164 182 231 263 270 280 347
28:1 10 14 59 117 129 154 181 210 229 258 334 360 442
31:0 24 44 154 162 242
34:0 24 30 31 32
36:0 3 34 107 133 227 572
38:0 46 83 109
38:1 46 58 59 62 109 420 563
40:0 3 34 38 50 102 111
45:0 75 78 79 572
59:0 36 97 242 257 394
62:0 3 34 56 61 67
71:0 21 75 77 78 79
91:0 48 56 62 128 420 504
103:0 60 73 77 79
103:1 29 60 72 73 76 77 79 92 94 100 113 115 120 138 156 164 182 188 263
105:1 7 9 29 38 53 58 59 69 89 91 92 116 126 156 157 164 182 231 263 280 446
121:0 56 61 105 107 109 129
130:0 33 150
134:0 36 38 44 129
135:0 36 38 44 129
136:0 36 38 44 129
