1:0 29 72 76 92 113 115 156 164 182 188 200 263
2:0 29 72 92 113 115 156 164 182 188 200 263
3:0 29 63 72 89 92 113 115 156 164 182 188 200 263
4:0 7 9 29 69 91 92 115 126 156 157 164 182 200 231 261 263 280 406
5:0 7 9 29 69 91 92 115 126 156 157 164 182 200 231 261 263 280 406
6:0 7 9 19 29 63 69 76 89 91 92 115 126 156 157 164 182 200 231 261 263 280 355 406 525
7:0 8 57 58 59 69 91 92 115 127 156 157 164 200 231 263 280 406 503
8:0 8 57 58 59 69 91 92 115 127 156 157 164 200 231 263 280 406 503
9:0 8 57 58 59 63 69 89 91 92 115 127 156 157 164 200 231 263 280 399 406 503 525
12:0 29 63 72 76 92 94 100 115 138 156 164 182 247 263 355 369
15:0 29 63 72 76 92 115 156 164 182 188 263 280 355 369 404 529
16:0 19 29 92 115 156 164 182 263 369
17:0 19 29 92 115 156 164 182 263 369
18:0 19 29 63 92 115 156 164 182 263 369
19:0 29 58 59 85 86 87 91 92 156 164 182 231 247 263 269 369
20:0 29 58 59 63 85 86 87 91 92 156 164 182 231 247 263 269 369
21:0 19 29 92 156 161 164 182 263 369 529
22:0 19 29 63 92 156 161 164 182 263 369
23:0 29 72 89 91 156 157 164 182 188 231 263 399
24:0 29 63 72 89 91 156 157 164 182 188 231 263 399 525
25:0 6 9 29 69 91 92 115 156 164 182 231 263 270 280 347
26:0 6 29 63 69 85 86 87 91 92 113 115 156 164 182 231 263 270 280 347
27:0 29 69 92 156 157 164 231 263 280 398 404 446
28:0 29 63 69 92 156 157 164 231 263 280 398 404 446 529
29:0 29 58 59 85 87 91 115 156 164 182 188 231 263 398
30:0 29 58 59 85 87 91 115 156 164 182 188 231 263 398
31:0 6 7 8 9 29 53 57 58 59 63 69 85 87 89 91 92 115 126 156 157 164 182 188 200 231 247 263 269 270 280 398 406 446 525 529
32:0 29 58 59 85 87 91 115 156 164 182 188 231 263 529
33:0 29 58 59 85 87 91 115 156 164 182 188 231 263 529
34:0 6 7 8 9 29 53 57 58 59 63 69 85 87 89 91 92 115 126 156 157 164 182 188 200 231 247 263 269 270 276 280 398 406 446 525 529
35:0 7 8 9 29 53 58 59 69 76 85 86 87 91 92 94 100 113 115 126 138 156 161 164 182 231 247 263 270 280 347 446 563 579
36:0 7 8 9 29 53 58 59 63 69 76 85 86 87 91 92 94 100 113 115 126 138 156 161 164 182 231 247 263 270 280 347 446 563 579
37:0 29 91 92 115 156 164 182 231 263 399 492
38:0 29 53 63 76 91 92 115 126 138 156 164 182 231 261 263 347 399 492
39:0 7 8 9 29 53 58 59 69 76 85 86 87 91 92 94 100 113 115 126 138 161 164 182 247 263 270 280 446 563 579
40:0 7 8 9 29 53 58 59 63 69 76 85 86 87 91 92 94 100 113 115 126 138 156 161 164 182 247 263 270 280 446 563 579
41:0 19 29 72 156 164 182 188 247 263 269 355 369
42:0 19 29 63 72 156 164 182 188 247 263 269 355 369
43:0 29 76 115 156 164 182 188 263 563
44:0 29 76 115 156 164 182 188 263 563
45:0 29 63 72 92 115 156 164 182 188 263 563
46:0 29 72 76 91 92 113 115 156 164 182 188 263 280
47:0 29 63 72 76 91 92 113 115 156 164 182 188 263 280
48:0 29 72 76 92 115 156 164 182 188 263
49:0 29 63 72 76 92 100 115 138 156 164 182 188 263 355 369
50:0 29 92 156 157 164 182 188 263 446
51:0 29 63 92 156 157 164 182 188 263 446
52:0 29 85 87 91 92 156 164 182 231 247 263 369 399 492
53:0 29 63 85 87 91 92 138 156 164 182 231 247 263 369 399 492
54:0 6 8 29 58 59 69 91 92 94 113 127 156 164 182 231 263 280 347 503
55:0 6 8 29 58 59 63 69 91 92 94 113 127 156 164 182 231 263 280 347 503
56:0 6 7 8 9 29 85 87 89 91 92 156 157 164 182 231 263 270 280 339 398
57:0 6 7 8 9 29 63 85 87 89 91 92 156 157 164 182 231 263 270 280 339 398
58:0 29 91 92 115 126 156 164 182 231 261 263
59:0 29 53 63 76 91 92 100 115 126 156 164 182 200 231 261 263 270 276 406 579
60:0 29 57 58 59 91 92 94 127 156 164 182 263 270 503
61:0 8 29 57 58 59 69 89 91 92 94 127 156 164 182 263 270 280 503
62:0 8 29 57 58 59 63 69 89 91 92 94 127 156 157 164 182 263 270 280 398 503
63:0 7 8 9 29 69 86 92 94 113 115 138 156 161 164 182 231 247 263 269 347 492 563
64:0 7 8 9 29 69 86 91 92 113 138 156 161 182 231 247 263 269 347 492 563
65:0 7 8 9 29 63 69 86 91 92 113 138 156 161 182 231 247 263 269 492 563
66:0 7 8 9 29 53 89 91 92 113 126 156 157 164 182 263 270 398
67:0 7 8 9 29 53 89 91 92 113 126 156 157 164 182 263 270 398
68:0 7 8 9 29 53 63 89 91 92 113 126 156 157 164 182 263 270 398
69:0 29 72 76 92 115 156 164 182 188 263
70:0 29 72 76 92 115 156 164 182 188 263
71:0 29 63 72 76 92 115 156 164 182 188 263 398
72:0 29 58 59 72 92 115 127 156 164 182 188 263 503 563
73:0 29 58 59 63 72 92 115 127 156 164 182 188 263 503 563
74:0 7 9 29 53 69 91 92 126 156 164 182 263 276 280
75:0 7 9 29 53 69 91 92 126 156 164 182 263 276 280
76:0 7 9 29 53 63 69 91 92 126 156 164 182 263 276 280
77:0 29 53 76 92 115 156 164 182 231 261 263
78:0 29 53 63 76 92 115 156 164 182 231 261 263 529
79:0 6 29 53 58 59 86 89 91 92 100 113 115 126 138 161 164 182 231 247 263 347 503
80:0 6 8 29 53 58 59 63 69 86 89 91 92 100 113 115 126 138 161 164 182 231 247 263 280 347 492 503
81:0 29 92 100 115 156 164 182 263
82:0 29 63 92 100 115 156 164 182 263
83:0 19 29 92 115 156 164 182 231 263 270 355 369
84:0 19 29 92 115 156 164 182 263 355
85:0 19 29 63 92 115 156 164 182 263 269 355
86:0 6 57 59 92 164 182 224 231 263 270 529
87:0 6 57 59 63 92 164 182 224 231 263 270 529
88:0 7 8 9 29 53 72 85 87 91 120 126 156 157 164 182 247 263 269 270 398
89:0 7 8 9 29 53 63 72 85 87 91 120 126 156 157 164 182 247 263 269 270 280 398 399
90:0 29 57 59 92 100 115 120 156 161 164 263
91:0 29 57 58 59 63 92 100 115 120 156 161 164 182 263 398
92:0 7 8 9 29 72 85 87 94 120 156 164 182 188 263 269 492 563
93:0 7 8 9 29 72 85 87 94 120 156 164 182 188 263 269 398 492 563
94:0 7 8 9 29 63 69 72 85 87 94 120 156 164 182 188 263 269 280 398 492 563
95:0 29 92 120 156 164 182 263 269 406 430 525
96:0 7 8 9 69 86 92 100 113 115 156 161 164 182 247 263 269 280 347 492 563
97:0 7 8 9 63 69 86 92 100 113 115 156 161 164 182 247 263 269 280 347 492 563
98:0 29 57 58 59 91 92 156 157 164 263 276 280 404 503
99:0 29 57 58 59 63 91 92 156 157 164 263 276 280 404 503
100:0 29 86 87 92 100 115 156 164 182 263 269 492
101:0 29 63 86 87 92 100 115 156 164 182 263 269 492
102:0 29 72 92 94 100 113 120 138 156 164 182 188 263
103:0 29 63 72 76 92 94 100 113 115 120 138 156 164 182 188 263
104:0 7 9 53 58 59 69 89 91 92 126 156 157 164 182 231 263 280 446
105:0 7 9 53 58 59 63 69 89 91 92 126 156 157 164 182 200 231 263 280 446
106:0 29 69 89 92 156 157 164 182 270 276 339 398
107:0 29 69 89 92 156 157 164 182 263 270 280 339
108:0 7 8 9 29 53 57 58 59 63 69 76 85 87 89 91 92 126 138 156 157 164 182 231 247 263 270 280 525
109:0 29 53 85 87 126 156 164 182 247 261 263 269 399
110:0 29 53 63 85 87 126 156 164 182 247 261 263 269 399
111:0 29 53 58 59 85 87 91 92 126 156 164 182 231 263 276 398 406 446
112:0 6 7 8 9 29 53 57 58 59 63 69 85 87 91 92 126 156 164 182 200 231 263 270 276 280 398 406 446 525
113:0 7 8 9 29 53 58 59 63 69 76 85 86 87 89 92 94 100 115 126 138 156 157 161 164 182 231 247 263 270 280 347 446 563
114:0 29 63 76 92 115 156 164 182 188 263
115:0 7 8 9 29 53 57 58 59 63 69 76 85 87 89 91 92 126 156 157 164 182 231 247 263 270 280
116:0 29 57 58 59 92 156 164 182 200 263 430 503
117:0 29 57 58 59 63 92 156 164 182 200 263 430 503
118:0 29 57 58 59 92 156 164 182 263 398 503 529
119:0 29 57 58 59 63 92 156 164 182 263 398 503 529
120:0 29 57 58 59 85 86 87 92 100 115 127 156 161 164 182 263 430 503 563
121:0 29 57 58 59 63 85 86 87 92 94 100 113 115 127 138 156 161 164 182 263 430 503 563
122:0 7 8 9 29 63 69 76 85 86 87 92 100 138 156 182 247 263 269 270 280 347 492 563
123:0 29 63 92 113 156 164 182 263 280 355 369
124:0 29 58 63 69 92 100 113 115 138 156 164 182 247 263 269 270 280 347
125:0 7 8 29 63 69 92 94 100 115 156 164 182 231 263 269 270 280
126:0 9 29 63 69 92 94 100 156 164 182 231 261 263 269 270 280
127:0 29 63 89 91 92 156 157 164 182 200 263 270 339 446
128:0 29 53 57 58 59 63 76 85 87 89 92 126 157 164 182 231 263 270
130:0 29 53 57 58 59 85 86 87 89 92 115 126 156 164 182 231 263 269 399 406 503
131:0 29 63 76 85 87 92 94 115 127 138 156 164 182 200 224 231 263 529
133:0 6 29 91 92 115 156 164 182 231 247 263
134:0 6 29 57 58 59 63 91 92 115 127 156 164 182 231 247 263 503
135:0 6 29 63 85 91 92 113 115 156 164 182 231 247 263
136:0 6 29 53 63 91 92 115 126 156 164 182 231 247 261 263 276
137:0 29 58 59 76 85 87 92 94 100 115 138 156 164 182 231 247 263 492
138:0 29 57 58 59 92 115 127 156 164 263 446 503
139:0 29 57 58 59 63 69 92 115 127 156 164 263 446 503
140:0 29 57 58 59 72 91 92 115 127 156 164 182 263 446 503
141:0 29 57 58 59 63 69 72 91 92 115 127 156 164 182 263 276 280 404 446 503
142:0 29 53 89 92 115 126 156 164 182 231 263 269 355 406 446
143:0 6 7 8 9 53 57 58 59 63 69 76 85 87 89 92 94 115 120 126 157 164 182 200 247 263 280
144:0 19 29 63 92 156 164 182 263 369
145:0 19 29 63 92 115 156 164 182 263 369
146:0 19 29 63 92 115 126 156 164 182 261 263 369
147:0 29 53 57 58 59 85 87 92 113 115 126 127 156 164 182 231 263 406
148:0 29 53 57 58 59 85 87 92 113 115 126 127 156 164 182 231 263 406
149:0 8 19 29 53 57 58 59 85 87 89 92 113 115 126 127 156 157 164 182 231 263 276 280 406
150:0 6 7 8 9 29 53 58 59 63 69 76 85 86 87 89 92 113 115 120 126 138 156 157 161 164 182 231 247 261 263 269 280 339 398 492
151:0 6 7 8 9 19 29 53 57 58 59 63 69 72 76 85 86 87 89 91 92 100 113 115 120 126 127 138 156 157 161 164 182 188 200 224 231 247 261 263 269 270 276 280 339 347 355 369 398 399 404 406 430 446 492 503 525 529 563 579
808:0 29 85 86 92 156 164 182 430
809:0 8 9 29 58 63 76 85 86 87 89 92 120 156 157 164 182 263 276 280 430
