1:0 80 92 130 174 267 275
4:0 17 44 68 187 232 246 407 525
7:0 54 114 175 243 252 281 323 392 453 741
27:0 68 175 189 232 400 468
27:1 68 174 175 306 400 468
29:0 36 48 50 68 130 305 342
32:0 32 36 37 48 50 68 93 342 389 457
37:0 46 95 175 262 336 488 560
37:1 46 95 175 336 560 568 572
41:0 16 17 18 95 98 174 432
43:0 73 75 175 235 267 275 298 321 495 650
50:0 29 246 262 468 515
50:1 29 37 246 262 319 468 515
52:0 39 95 175 180 343 387
52:1 95 175 180 260 343 600
52:2 38 174 175 180 343 400
54:0 60 95 109 238 281 493 499
58:0 24 37 38 234 343
60:0 54 114 150 170 283 352
63:0 93 277 470
66:0 66 68 321 418 501
72:0 62 109 114 229 243 282 321 367 392
77:0 24 32 37 38 95 234
77:1 24 32 37 38 95 234
79:0 23 187 335 584
79:1 23 187 335 584
83:0 16 98 143 174 175 297 343 355 364 400 493 515 646
83:1 38 68 98 143 174 175 343 364 400 493 501
90:0 61 352 392 741
92:0 50 92 114 123 195 288 310 499 513
95:0 111 175 205 335 457 469 525
98:0 163 246 282 359 400
102:0 77 78 79 174 236 246 275 335
104:0 24 43 130 174 187 195 197 246
108:0 37 174 359 584
109:0 60 174 180 220 254 255 256 288
111:0 68 130 174 368 397 407 470
113:0 69 217 312 356
114:0 73 93 175 267 283 476
115:0 38 50 68 283 359 509
116:0 50 62 150 175 190 352 499
118:0 60 114 189 367 401
122:1 109 252 321 471
123:0 68 364 400 432 501
127:0 31 37 98 175 364
131:0 32 90 174 246 321 568 644
133:0 24 174 175 189 197 273 281 321
138:0 21 44 48 61 62 114 282 321 352 513
140:0 36 61 62 72 109 175 229 282
142:0 18 174 225 355 366 469
143:0 38 68 90 174 380
147:0 48 54 225 245 352 453
163:0 17 18 48 101 297 432
170:0 54 60 352 487
172:0 175 217 252 268 273 321 586
173:0 217 273 312 321 505
174:0 195 205 217 273 343 356 387 505
175:0 64 217 234 326 332 375
177:0 65 98 297 355 389 493
183:0 47 48 187 195 217 321 383 453 487
185:0 29 106 111 174 205 397
194:0 24 68 105 174 246 254 255 256 491 495 602
206:0 29 44 174 277 310 387 401
211:0 48 61 114 175 310 352 453 491
213:0 51 92 111 230 282 343 367 515 571
214:0 36 38 69 106 175 364 400
215:0 44 68 180 252 364 420 458 556
220:0 38 44 90 174 246 556 568
222:0 54 109 174 267 352 457
222:1 109 114 194 267 352 457
223:0 48 114 175 190 323 491
225:0 62 68 98 150 194 229 252 262 420 568 635
226:0 21 109 114 150 239 243 366
227:0 18 143 174 314 355 364 400
236:0 68 136 170 183 229 364 410 418
238:0 252 272 273
239:0 223 238 264 359 364
240:0 183 223 238 264 584
241:0 38 69 174 217 264 359 584
246:0 23 174 246
252:0 24 71 73 163 225 235 388 400
255:0 64 68 174 306 364 387 400
258:0 23 38 44 68 124 174 189 243 246 281 469
263:0 245 321 493
263:1 282 501 600
270:0 68 73 75 230 235 298 321
273:0 36 73 98 388 400 432
278:0 16 239 282 314 332 392 469 487
280:0 50 109 194 212 262 282 288 425
290:0 16 175 400 450 515
293:0 18 36 108 283 326 359 509 586
298:0 47 48 187 195 217 321 383 453 487
302:0 105 259 260 364 368 389
303:0 21 69 246 321 602
304:0 23 174 189 283 407 457
309:0 29 174 209 415
315:0 75 79 178 326 741
318:0 37 38 194 246 352
320:0 37 38 90 111 174 205 321 392 487
324:0 90 130 175 246 281
328:0 16 98 175 210 364 450 646
333:0 114 297 310 355 366 407 432
339:0 36 37 175 209
341:0 38 163 232 246 415 453
345:0 20 105 174 243 321
347:0 28 174 229 282 352 453
349:0 54 95 109 114 225 243 321
355:0 114 220 262 288
359:0 38 44 174 212 277 364
361:0 50 205 335 415 556
363:0 90 174 187 254 255 256 281 352 392
369:0 130 189
371:0 37 111 239 407
403:0 24 36 98 336 351 400 560
406:0 75 79 178 235 326 741
420:0 75 111 205 230 267 312 321 361 505 592
422:0 54 68 124 151 174 243 254 255 256 281 499
422:1 54 68 124 151 174 243 254 255 256 281 499
425:0 50 95 114 262 432 499
427:0 175 186 252 264 298 383 415 458 509
434:0 38 43 114 123 163 310
438:0 29 106 111 174 205 397
439:0 95 109 252 321 471
440:0 69 217 312 356
442:0 50 108 194 220 288
443:0 37 38 232 239
446:0 38 68 90 174 584
447:0 44 136 170 197 238 336 410 418 509
449:0 18 174 254 255 256
451:0 18 28 109 163
453:0 29 68 223 238 252 364 410 418 501
458:0 21 109 114 150 239 243 366
459:0 23 38 73 74 130
506:0 122 189 281 336 343 495
509:0 98 104 163 281 343 383
517:0 174 361
519:0 95 234 273 400 432
524:0 36 174 356 469 475
527:0 48 260 282 355 375
529:0 66 163 319
531:0 186 273 281 361
532:0 68 183 197 432 469 602
535:0 54 92 189 352
543:0 44 210
546:0 262 267 321 388 415
548:0 230 275 361 388
550:0 61 283
550:1 61 283
551:0 38 68 180 401
554:0 36 172 264 281 326 359
554:1 36 172 264 281 359 510 568 602
556:0 388 452
557:0 68 174 282 335 400 469
559:0 68 197 252 491 501 602
561:0 246 355 375
562:0 262
562:1 262
564:0 21 88 205 282 335 352
566:0 44 104 282 415 432 457
568:0 28 114 174 205 475
570:0 68 197 262 326 383 389
572:0 39 175 282 401
574:0 212 243 252 259 505
577:0 109 151 310
582:0 153 393 420 475 556 635
587:0 310 321 343 351 355 432
588:0 68 163 282 400 450
590:0 77 111 205 388
592:0 54 61 109 151 220 650
595:0 40 104 522 571 656
597:0 73 92 282 356 491
605:0 50 194 244 310
607:0 114 151 471 499
610:0 68 106 283 400 646
613:0 264 281 400
616:0 38 170 364 470
618:0 174 180 209 220 281 310 513
618:1 20 68 174 180 220 281 310 513
619:0 233 264 282 364
621:0 137 342 389 400
624:0 29 212 389 501
626:0 23 29 130 189 283 538 584
629:0 92 212 355
631:0 174 321 389 400 584
632:0 175 368 522 571 646
633:0 310 457 458 584
636:0 37 71 106
659:0 111 205
661:0 432 488 501
674:0 69 480 501 511 658
677:0 281 321
679:0 194 335 469
682:0 50 273 495
684:0 281 383 495 605
686:0 50 194 367
688:0 28 400 415
690:0 114 151 239 525
692:0 61 401 494
694:0 137 407 525
696:0 88 174 305 397
698:0 36 88 114 243 435 635
701:0 212 238 364 432 494 501
702:0 343 393 671
704:0 68 741
707:0 393 415
708:0 50 288 389
710:0 50 174 194
710:1 50 174 194
710:2 50 174 194
710:3 50 174 194
712:0 54 243 635
714:0 407 432
722:0 104 109 282 432
725:0 252 600 658
728:0 195 392 741
736:0 106 435
742:0 572 583 605
744:0 37 283 387
746:0 36 54 352
746:1 36 54 352
747:0 114 254 255 256 571
749:0 38 46 90 479
751:0 254 255 471 605
753:0 312 388 432
755:0 73 74 77 78
757:0 28 189 252 584
759:0 23 111 205 395
761:0 235 283 367
764:0 388 495 536
765:0 138 281 326 387
766:0 68 69 98 233 282 364 501
767:0 106 205 232 453 469
769:0 174 194 246 254 255 256
771:0 180 207 243 321
776:0 174 229 457 469
777:0 175 217 252 273 321 586
778:0 174 194 288
778:1 174 194 288
780:0 54 321 407
782:0 68 225 264
810:0 70 73 74 252 267 359 388
813:0 28 136 162 389
816:0 54 104 114 392 420 453 591
819:0 111 187 205 387
821:0 28 143 180 249 355 366 432
824:0 48 105 571 605
827:0 259 282 336 501
829:0 73 74 77 78 79 388
831:0 23 68 207
833:0 130 380 525
835:0 28 38 336 435 488
837:0 153 189 335
840:0 111 205 278 389
843:0 189 342 387 407 584
845:0 297 332 355 392 432
845:1 297 332 355 392 432
845:2 297 332 355 392 432
846:0 37 163 367 400
848:0 283 319 602
850:0 111 205 282 522
852:0 69 220 389 487 509 602
856:0 495 511 575 583
868:0 387 560
871:0 262 389
872:0 243 450 565
874:0 174 246
875:0 38 187 392 457 487 556
875:1 38 187 392 457 487 556
876:0 244 252 326
876:1 244 252 375 505
877:0 162 207 229 252 268 321 511 600
877:1 162 207 229 252 268 321 511 600
878:0 18 21 38 90 111 174 207 584
884:0 163 243 400
885:0 50 104 109 174 288 389 525
