2:0 80 92 130 174 267 275
3:0 92 130 174 267 275
5:0 17 44 68 187 232 246 407 525
6:0 17 44 68 187 232 246 407 525
8:0 54 114 175 243 252 281 323 392 453 741
9:0 54 114 175 243 252 281 323 392 453 741
11:0 33 81 450
25:0 175 217 252 268 273 321 586
28:0 68 175 189 232 400 468
28:1 68 174 175 306 400 468
30:0 36 48 50 68 130 305 342
31:0 36 48 50 68 130 305 342
33:0 32 36 37 48 50 68 93 342 389 457
34:0 32 36 37 48 50 68 93 342 389 457
35:0 217 273 312 321 505
38:0 46 95 175 262 336 488 560
38:1 46 95 175 336 560 568 572
39:0 195 205 217 273 356 387 505
42:0 16 17 18 95 98 174 432
44:0 73 75 175 235 267 275 298 321 495 650
45:0 73 75 175 235 267 275 298 321 495 650
51:0 29 246 262 468 515
51:1 29 37 246 262 319 468 515
53:0 39 95 175 180 343 387
53:1 95 175 180 260 343 600
55:0 60 95 109 238 281 493 499
59:0 24 37 38 234 343
61:0 54 114 150 170 283 352
62:0 54 114 150 283 352
64:0 277 470
65:0 277 470
67:0 66 68 321 418 501
68:0 66 68 321 418 501
73:0 62 109 114 229 243 282 321 367 392
78:0 24 32 37 38 95 234
78:1 24 32 37 38 95 234
80:0 23 187 335 584
80:1 23 187 335 584
91:0 61 352 392 741
93:0 50 92 114 123 195 288 310 499 513
94:0 50 92 114 123 288 310 499
99:0 163 246 282 400
103:0 77 78 79 174 236 246 275 335
103:1 77 78 79 174 236 246 275 335
105:0 24 43 130 174 187 195 197 246
105:1 24 43 130 174 187 195 197 246
106:0 68 183 229 410 418
107:0 136 170 229
110:0 60 174 180 220 254 255 256 288
110:1 60 174 180 220 254 255 256 288
112:0 68 130 174 368 397 407 470
117:0 50 62 150 175 190 352 499
119:0 60 114 189 367 401
124:0 252 272 273
125:0 223 238 264 359 364
126:0 183 223 238 264 584
134:0 24 174 175 189 197 273 281 321
135:0 174 175 189 197 273 281 321
136:0 24 174 175 189 197 273 281 321
139:0 21 44 48 61 62 114 282 321 352 513
141:0 36 61 62 72 109 175 229 282
148:0 48 54 225 245 352 453
149:0 48 54 225 352 453
164:0 17 18 48 101 297 432
169:0 16 17 18 95 98 174 432
171:0 54 60 352 487
176:0 64 217 234 326 332 375
178:0 65 98 297 355 389 493
182:0 73 75 175 235 267 275 298 321 495 650
183:0 150
184:0 47 48 187 195 217 321 383 453 487
186:0 54 114 150 170 283 352
195:0 24 68 105 174 246 254 255 256 491 495 602
196:0 24 174 175 189 197 273 281 321
197:0 24 174 175 189 197 273 281 321
199:0 23 187 335 584
199:1 23 187 335 584
208:0 111 175 205 335 457 469 525
212:0 68 364 400 432 501
221:0 38 44 90 174 556 568
224:0 48 114 175 323 491
230:0 50 62 150 175 190 352 499
237:0 136 170 183 410 418
242:0 69 217 312 356
247:0 23 174 246
248:0 23 174 246
253:0 24 71 73 163 225 235 388 400
254:0 24 71 73 163 225 235 388 400
256:0 64 68 174 306 364 387 400
257:0 64 68 174 306 364 387 400
259:0 23 38 44 68 124 174 189 243 246 281 469
260:0 23 38 44 68 124 174 189 243 246 281 469
264:0 245 321 493
264:1 282 501 600
271:0 68 73 75 230 235 321
272:0 68 73 75 230 235 321
274:0 36 73 98 388 400 432
275:0 36 73 98 388 400 432
279:0 16 239 282 314 332 392 469
281:0 50 109 194 212 262 282 288 425
282:0 50 109 194 212 262 282 288 425
291:0 16 175 400 515
292:0 16 175 400 450 515
294:0 18 36 108 283 326 359 509 586
295:0 18 36 108 283 326 359 509 586
305:0 23 174 189 283 407 457
306:0 23 174 189 283 407 457
310:0 29 174 209 415
319:0 37 38 194 246 352
321:0 37 38 90 111 174 205 321 392
329:0 16 98 175 210 364 450 646
330:0 16 98 175 210 450 646
334:0 114 297 310 355 366 407 432
340:0 36 175 209
342:0 38 163 232 246 415 453
346:0 20 105 174 243 321
348:0 28 174 229 282 352 453
350:0 54 95 109 114 225 243 321
356:0 114 220 262 288
362:0 50 205 335 415 556
364:0 90 174 187 254 255 256 281 352 392
365:0 90 174 187 254 255 256 281 352 392
372:0 37 111 239 407
373:0 37 111 239 407
404:0 24 36 98 336 351 400 560
405:0 24 36 98 336 351 400 560
407:0 75 79 178 326 741
421:0 75 111 205 230 267 312 321 361 505
423:0 54 68 124 151 174 243 254 255 256 281 499
426:0 50 95 114 262 432 499
428:0 175 186 252 264 298 383 415 458 509
435:0 38 43 114 123 163 310
444:0 37 38 232 239
445:0 37 38 232 239
448:0 44 136 170 238 336 410 418 509
450:0 18 174 254 255 256
452:0 18 28 109 163
454:0 29 68 223 238 252 364 410 418 501
460:0 23 38 73 74 130
461:0 44 68 180 252 364 458 556
463:0 37 174 359 584
464:0 68 130 174 368 397 407 470
465:0 73 93 175 267 283 476
468:0 64 217 234 326 332 375
470:0 24 174 175 189 197 273 281 321
471:0 24 174 175 189 197 273 281 321
473:0 38 44 90 174 556 568
475:0 50 109 194 212 262 282 288 425
477:0 114 220 262 288
478:0 50 205 335 415 556
507:0 122 189 281 336 343 495
508:0 122 189 281 336 343 495
510:0 98 104 163 281 343 383
518:0 174 361
520:0 95 234 273 400 432
521:0 95 234 273 400 432
525:0 36 174 356 469 475
526:0 36 174 356 469 475
528:0 48 260 282 355 375
530:0 66 163 319
533:0 68 183 197 432 469 602
534:0 68 183 197 432 469 602
536:0 54 92 189 352
537:0 54 92 189 352
544:0 44 210
545:0 44 210
547:0 267 321 388 415
549:0 230 275 361 388
552:0 38 68 180 401
553:0 38 68 180 401
555:0 36 172 264 281 326
555:2 36 172 264 281 359 510 568 602
558:0 68 174 282 335 400 469
560:0 68 197 252 491 501 602
563:0 262
565:0 21 88 205 282 335 352
567:0 44 104 282 415 432 457
569:0 28 114 174 205 475
571:0 68 197 262 326 383 389
573:0 39 175 282 401
575:0 212 243 252 259 505
576:0 212 243 252 259 505
578:0 109 151 310
579:0 109 151 310
583:0 153 393 420 475 556 635
584:0 153 393 420 475 635
589:0 68 163 282 400 450
591:0 77 111 205 388
593:0 54 61 109 220 650
596:0 40 104 522 571 656
598:0 73 92 282 356 491
606:0 50 194 244 310
608:0 114 151 471 499
609:0 114 151 471 499
611:0 68 106 283 400 646
612:0 68 106 283 400 646
614:0 264 281 400
617:0 38 170 364 470
620:0 233 264 282 364
625:0 29 212 389 501
630:0 212 355
634:0 310 457 584
635:0 310 457 584
637:0 37 71 106
660:0 111 205
662:0 432 501
663:0 432 501
675:0 69 480 501 511 658
678:0 281 321
678:1 281 321
680:0 194 335 469
681:0 194 335 469
683:0 50 273 495
685:0 281 383 495
687:0 50 194 367
689:0 28 400 415
691:0 114 151 239 525
693:0 61 401 494
695:0 137 407 525
697:0 88 174 305 397
699:0 36 88 114 243 435 635
700:0 24 174 175 189 197 273 281 321
705:0 68 741
706:0 68 741
709:0 50 288 389
711:0 50 174 194
713:0 54 243 635
715:0 407 432
723:0 104 109 282 432
724:0 104 109 282 432
726:0 252 600 658
727:0 252 600 658
729:0 195 392 741
730:0 195 392 741
737:0 106
738:0 106
743:0 572 583 605
745:0 37 283 387
745:1 37 283 387
745:2 37 283 387
748:0 114 254 255 256 571
750:0 38 46 90 479
752:0 254 255 471 605
754:0 312 388 432
756:0 73 74 77 78
758:0 28 189 252 584
760:0 23 111 205 395
762:0 235 283 367
763:0 235 283 367
768:0 106 205 232 453 469
770:0 174 194 246 254 255 256
783:0 68 225 264
784:0 68 225 264
790:0 150
791:0 150
792:0 150
811:0 70 73 74 252 267 359 388
812:0 70 73 74 252 267 359 388
814:0 28 136 162 389
815:0 28 136 162 389
817:0 54 104 114 392 420 453 591
818:0 54 104 114 392 420 453 591
820:0 111 187 205 387
822:0 28 143 180 249 355 366 432
823:0 28 143 180 249 355 366 432
825:0 48 105 571 605
826:0 48 105 571 605
828:0 259 282 336 501
830:0 73 74 77 78 79 388
832:0 23 68 207
834:0 130 380 525
836:0 28 38 336 435 488
838:0 153 189 335
839:0 153 189 335
841:0 111 205 389
842:0 111 205 389
844:0 189 342 387 407 584
847:0 37 163 367 400
849:0 283 319 602
851:0 111 205 282 522
853:0 69 220 389 487 509 602
857:0 495 511 575 583
858:0 495 511 575 583
862:0 282 501 600
863:0 38 174 175 180 343 400
864:0 109 114 194 267 352 457
865:0 38 68 98 143 174 175 343 364 400 493 501
867:0 262
869:0 387 560
873:0 243 450 565
879:0 18 21 38 90 111 174 207 584
886:0 50 104 109 174 288 389 525
887:0 50 104 109 174 288 525
