
1:0 20 173 202 282 338
2:0 20 173 202 282 338 402
3:0 20 173 200 202 282 335 338 402 520 666
4:0 7 9 173 231 257 264 307 406
5:0 7 9 173 231 257 264 307 406
6:0 7 9 173 200 231 264 307 366 406 432 519
7:0 8 173 196 231 264 308 406 428
8:0 8 173 196 231 264 308 406 428
9:0 8 173 196 200 231 264 308 324 406 428 518 668
103:1 67 173 200 202 231 235 276 282 285 335 356 388 406 428 434 442 477 666
147:0 20 173 196 231 351 352 406 434
148:0 20 173 196 231 351 352 406 434
149:0 8 20 173 196 231 257 264 276 351 352 366 406 432 434 442
152:0 173 202 231 277 338 388 402
153:0 173 202 231 277 338 388 402 636
154:0 173 200 202 231 277 338 388 402 520 636 666
155:0 173 257 307 343
156:0 173 257 264 307 343
157:0 7 9 67 173 257 264 307 343 519 634 636 666
158:0 8 67 173 180 196 231 253 264 308 335 352
159:0 8 67 173 180 196 231 253 264 308 335 352
160:0 8 67 173 180 196 200 231 253 264 308 335 352 406 518 668
230:0 173 196 200 324 340 352 434 442 636
252:0 9 67 173 231 235 264 338 388 402 409
253:0 9 67 173 202 231 235 264 283 338 388 402 409
254:0 9 67 173 200 202 231 235 264 283 338 388 402 406 409 520 634 636
255:0 67 173 257 270 307 340 387 432
256:0 7 9 67 173 257 264 270 307 340 387 432 530
257:0 9 67 173 257 264 270 272 276 282 307 340 387 432 519 530 636
258:0 67 173 196 231 253 276 308 352 401 414
259:0 8 67 173 196 231 253 276 308 352 401 414 446
260:0 8 67 173 196 200 231 253 264 276 308 352 401 414 446 518 666
329:0 173 200 202 257 276 324 366 406 432 434 450 634
330:0 7 9 173 200 202 231 257 276 324 366 406 432 434 450 634 636
334:0 173 200 215 231 253 257 304 366 432 434 472
371:0 173 200 304 406 434
372:0 173 200 304 334 406 434
373:0 173 200 231 257 304 366 401 406 432 434 636
380:0 173 196 200 271 272 277 343 351 352 366 387 432 434 477 478 502 636
381:0 173 196 200 271 277 351 352 366 387 432 434 472 502 636
384:0 20 173 196 231 253 351 352 366 401 414 432 434 442 620
387:0 173 231 276 338 388 402 414 446
388:0 173 231 276 338 388 402 414 446
389:0 173 200 231 276 335 338 388 402 414 442 446 520 666
390:0 7 9 67 173 231 253 257 264 270 272 283 307 343 441 446
391:0 7 9 67 173 231 257 264 270 272 283 307 343 441 446 530
392:0 7 9 67 173 231 257 264 270 272 283 307 343 441 446 519 530 636
393:0 173 196 308 324 343 352 432 446
394:0 173 196 308 324 343 352 432 446
395:0 173 196 282 308 324 334 343 352 432 446 518 634 636 668
443:0 173 200 231 406 414 434 442 446
444:0 173 200 231 406 414 434 442 446 636
445:0 173 200 231 401 406 414 434 442 446 636 666
483:0 173 200 304 334 351 356 393 406 434 442 446 666
484:0 173 200 264 304 351 356 406 434 666 668
487:0 173 180 196 200 220 231 304 351 356 401 406 432 434 442 477
493:0 173 196 200 202 231 257 271 277 278 324 334 351 352 366 387 401 406 428 432 434 442 446 477 636 668
495:0 20 173 231 235 282 289 338 388 401 402 432
496:0 20 173 231 235 282 289 338 388 401 402 432
497:0 20 173 200 231 235 282 289 338 388 401 402 406 432 520
498:0 173 231 257 270 276 283 307 343 428 666
499:0 7 9 67 173 231 257 264 270 276 283 307 343 428 666
500:0 7 9 67 173 231 257 264 270 276 283 307 335 343 428 442 519 666
501:0 173 196 231 270 308 343
502:0 173 196 231 270 308 343
503:0 173 196 231 270 276 282 308 335 343 518 668
511:0 67 173 202 231 235 253 264 270 272 282 283 343 380 388 441 520
512:0 67 173 202 231 235 253 264 270 272 276 278 282 283 343 380 388 441 520 634
513:0 7 67 173 231 253 257 264 270 272 282 283 343 380 441 519
514:0 7 67 173 231 253 257 264 270 272 276 278 282 283 343 380 441 519 634
515:0 8 67 173 196 231 253 264 270 272 282 283 343 352 380 401 441 518
516:0 8 67 173 196 231 253 264 270 272 276 278 282 283 343 352 380 401 441 518 634
610:0 173 231 276 283 351 401 434
611:0 67 173 231 276 283 351 401 434 666
612:0 67 173 231 276 283 351 401 434 636 666
621:0 7 9 173 231 257 289 351 401 406 434 441 442 446 666
633:0 173 180 253 276 351 401 414 428 434
634:0 173 180 253 276 351 401 414 428 434
635:0 173 180 231 253 257 276 324 351 366 401 414 428 432 434 634
643:0 173 257 366 414 428 432 434 636
644:0 9 173 324 351 366 393 406 414 432 434 636
646:0 173 324 414 428 434 442 636
646:1 434
646:2 434
650:0 9 67 162 173 202 231 235 264 270 276 283 334 338 388 409 428 442 530 666
651:0 9 67 162 173 202 231 235 264 270 276 283 334 338 388 409 428 442 530 666
652:0 9 67 162 173 202 231 235 264 270 276 283 334 335 338 388 409 428 442 520 530 666
653:0 173 231 257 277 307 343 492
654:0 7 9 67 173 231 257 271 277 278 285 289 307 343 351 428 472 477 492 502 636
655:0 7 9 67 173 231 257 271 277 278 285 289 307 324 343 351 428 472 477 492 502 519 636
656:0 173 180 196 272 289 308
657:0 8 67 173 180 196 272 289 308 441
658:0 8 67 173 180 196 289 308 340 441 518
658:1 308 518
691:0 173 196 200 231 340 351 434 441
696:0 173 200 231 276 304 334 335 406 414 428 434 442 666
697:0 173 200 231 276 304 334 335 406 414 428 434 442 666
704:0 173 200 231 351 352 434
705:0 173 200 231 351 352 434
706:0 7 9 173 231 264 276 351 352 434 636 666
714:0 143 173 200 231 253 257 289 304 352 406 432 434
715:0 143 173 200 231 253 257 289 304 352 432 434 636
718:0 173 180 220 231 245 276 304 335 349 351 414 428 434 616 617 622 666
722:0 143 173 202 338 343 388 402 432
723:0 143 173 202 338 343 388 402 432
724:0 143 173 180 202 338 343 366 388 402 432 520 636
725:0 173 257 283 307 343
726:0 173 257 283 307 343 530
727:0 7 9 20 67 173 257 264 276 282 283 289 307 343 409 442 519 530 666
728:0 173 196 231 253 270 308 343 352 401 472
729:0 173 196 231 253 270 308 343 352 401 472
730:0 173 196 231 253 270 277 308 343 352 401 472 518 668
773:0 173 196 200 257 277 304 324 334 366 387 428 432 434 518 519 520 636
776:0 173 200 231 253 257 283 304 335 351 434 442 666
780:0 173 196 253 257 270 276 283 324 335 351 352 366 432 434 666
782:0 67 173 231 253 401 406 434 442 530
783:0 67 173 231 253 401 406 409 434 442 530
784:0 7 8 9 67 173 231 253 264 276 283 304 351 352 401 406 409 434 442 446 530 636 666
799:0 173 200 257 282 334 351 387 393 406 409 434 442 530

10:0 173 434 527
11:0 334 450 520 527
12:0 173 202 285 324 432 450 520 527
13:0 519 527
14:0 334 450 519 527
15:0 173 202 282 366 432 450 518 527 529 634 636
16:0 143 173 253 257 432 518
17:0 143 173 253 257 432
18:0 143 173 245 253 257 349 432 434 616 617 622 636
19:0 173 196 231 253 343 351 387 428
19:1 173 196 231 253 289 343 351 387 428
20:0 173 196 231 253 343 351 387 428 634 666
20:1 173 196 231 253 282 289 343 351 387 428 634 666
21:0 143 173 253 257 366 432 434 529
22:0 143 173 253 257 338 366 432 634 636
23:0 20 173 180 202 231 289 338 401 402
24:0 20 173 180 202 231 289 338 401 402 520 634 666
25:0 9 173 231 264 270 282 307 324 343 351 393 527 636
25:7 9 173 231 264 270 282 324 343 351 393 527 636
26:0 9 173 231 264 270 282 307 324 343 351 393 527 636
26:1 9 173 231 264 270 277 278 282 324 343 351 393 477 478 502 527 636
27:0 162 173 231 264 282 307 343 414 446 519 666
27:1 8 162 173 196 231 264 282 343 401 446 634
28:0 162 173 231 264 282 308 343 414 446 666
28:1 8 162 173 196 231 264 282 334 343 401 442 446 529 634
29:0 162 173 231 351 352 434
30:0 162 173 231 351 352 434 666
31:0 7 8 9 162 173 196 200 231 253 264 270 351 352 401 406 446 529 634 666
32:0 162 173 231 351 352 529
33:0 162 173 231 351 352 434 529 666
34:0 7 8 9 162 173 196 200 231 253 264 270 276 351 352 401 406 434 446 529 634 666
35:0 7 8 9 173 196 215 231 264 270 271 272 277 278 282 283 289 304 324 340 343 351 352 387 409 428 434 446 472 477
36:0 7 8 9 173 196 215 231 264 270 271 272 277 278 282 283 289 304 324 340 343 351 352 356 387 409 428 446 472 477 495 636
37:0 173 180 220 231 257 272 343 428 492
37:1 173 180 215 220 231 272 343 401 428 492
38:0 173 180 220 231 257 272 343 428 492 636
38:1 173 180 196 215 220 231 272 343 401 428 472 492 636
39:0 7 8 9 173 196 215 220 264 270 272 277 278 282 283 289 340 343 351 352 356 387 409 446 477 502
40:0 7 8 9 173 196 215 220 264 270 272 277 278 282 283 289 304 340 343 351 352 356 387 409 446 477 478 502 636
41:0 162 173 202 253 257 289 366 428 432
42:0 162 173 202 253 257 289 366 428 432
43:0 173 235 380 388 402 434 495
44:0 173 235 380 388 402 409 434 495
45:0 173 202 235 380 388 402 409 434 495
46:0 173 235 282 388 402 434 450 495
47:0 173 235 282 388 402 434 450 495 634
48:0 173 202 285 434 450
49:0 173 202 285 366 432 434 450
50:0 173 338 446 666
50:1 173 334 446 666
51:0 173 338 446 666
51:1 173 334 446 666
52:0 173 180 196 231 253 282 289 304 338 343 351 352 387 402 441 492 634
52:1 173 180 196 231 253 282 289 304 343 351 352 387 402 441 492 634
53:0 173 180 196 231 253 282 289 304 338 343 351 352 387 402 441 492 634
53:1 173 180 196 231 253 282 289 304 343 351 352 387 402 441 492 634
54:0 8 173 196 231 264 272 324 338 388 477 520
55:0 8 67 173 196 231 264 272 307 324 388 477 636 668
56:0 7 8 9 173 180 231 253 264 270 272 283 307 402 441 530
57:0 7 8 9 173 180 231 253 264 270 272 283 307 343 402 441 519 530 634
58:0 173 231 308 343
59:0 173 200 231 257 270 308 343 406 442 636
60:0 173 196 270 283 308 352 518
61:0 8 173 196 264 270 283 352
62:0 8 173 196 264 270 283 352 530 634
63:0 7 8 9 173 231 264 271 272 277 278 282 285 289 324 351 356 409 428 472 477 478 492 502
64:0 7 8 9 173 231 264 277 278 282 285 289 324 351 356 409 428 472 478 492
65:0 7 8 9 173 231 264 272 277 278 282 285 289 324 351 356 409 428 472 478 492 636
66:0 7 8 9 173 264 270 272 276
67:0 7 8 9 173 264 270 272 276 666
68:0 7 8 9 173 264 270 272 276 634 666
69:0 20 173 202 235 388 402
70:0 20 173 202 235 388 402
71:0 20 173 202 235 282 380 388 402 434
72:0 20 173 196 202 277 282 434
73:0 20 173 196 202 277 282 434
74:0 7 9 173 264 276 334 335 414
74:1 7 173 264 276 334 335 393 414 527
75:0 7 9 173 264 276 334 335 414 666
75:1 7 173 264 276 334 335 351 393 414 502 527 666
76:0 7 9 173 264 276 334 335 414 434 442 666
76:1 7 173 264 276 334 335 351 393 414 442 502 527 666
77:0 67 173 231 257 502
78:0 67 173 231 257 502 529 634
79:0 173 196 231 271 277 278 285 324 335 401 472 477 495
80:0 8 173 196 231 264 271 277 278 285 324 334 335 401 409 434 472 477 492 495
81:0 173 277 278 324 334 351 356 434 527
82:0 173 277 278 324 334 351 356 434 527
83:0 143 173 231 253 257 270 343 366 387 432 434 634 636
84:0 173 282 434 620
85:0 143 173 282 666
86:0 173 231 324 352 529
87:0 173 231 338 352 529 668
88:0 7 8 9 173 202 220 338 351
88:1 7 8 9 173 180 202 220 351 380
89:0 7 8 9 173 202 220 264 335 338 351 520
89:1 7 8 9 173 180 202 220 264 278 335 351 380
90:0 173 196 307 352 668
91:0 173 196 307 324 334 352 668
92:0 7 8 9 173 196 202 220 253 271 282 285 289 307 472 477 492 502 519
93:0 7 8 9 173 196 202 220 253 271 282 285 289 308 472 477 492 502
94:0 7 8 9 173 196 202 220 253 264 271 272 282 285 289 308 409 472 477 492 502 636
95:0 173 308 335 406 414 442 518 666
96:0 7 8 9 67 173 264 271 272 277 278 285 289 324 338 409 477 478 492 502
97:0 7 8 9 67 173 264 271 272 277 278 285 289 324 338 409 477 478 492 502 520
98:0 173 196 276 282 307 334 352 502 668
99:0 173 196 276 282 307 334 352 502 666 668
100:0 173 277 324 351 492
101:0 173 277 324 351 477 492
102:0 173 202 235 285 335 356 402 477
103:0 67 173 202 235 285 335 356 388 428 477 666
106:0 67 173 264 270 272 276 282 340 343 636 666
107:0 67 173 270 272 343 409 634 636
108:0 7 8 9 20 173 196 231 264 351 352 401 428 666
109:0 173 180 220 253 351
110:0 173 180 220 253 351
111:0 173 180 196 231 253 276 283 351 401 406 414 446 666
112:0 7 8 9 173 180 196 200 231 253 264 276 283 335 351 401 406 414 446 666
113:0 7 8 9 173 196 215 231 264 270 278 283 285 289 304 343 351 352 356 387 409 428 446 477 502 636 666
114:0 173 220 235 283 351 388 402
115:0 7 8 9 67 173 180 196 231 253 264 270 283 343 351 352 401 409
116:0 173 196 200 324 340 352
117:0 173 196 200 324 340 352 636
118:0 173 196 282 324 340 401 529 634
119:0 173 196 282 324 340 401 529 634
120:0 173 196 220 277 278 324 352 356
121:0 173 196 220 271 277 278 285 324 352 356 472 477 502
122:0 7 8 9 173 196 264 270 277 285 289 324 334 343 351 409 428 472 477 478 492 502
123:0 173 282 366 432 450 636
124:0 173 196 215 264 270 271 272 277 278 285 304 324 343 352 409 428 472 477 478 502
125:0 7 8 173 231 264 270 324 343 393 527 530
126:0 9 67 173 231 257 264 270 343 530
127:0 173 264 282 334 446 450 634
128:0 173 180 196 200 231 253 270 272 283 351 352 442 666
129:0 340
130:0 173 180 196 200 231 253 340 352 406 442
131:0 173 196 200 215 231 304 324 335 351 401 406 428 442 529
133:0 173 215 231 304 636
134:0 173 196 215 231 304 324 343 401 636
135:0 173 215 231 304 324 343 351 393 636
136:0 173 215 231 257 276 304 343 636
137:0 173 196 220 231 271 351 356 387 428 472 477 492 502 527
138:0 20 173 196 282 334 352 414 446
139:0 20 173 196 282 334 352 414 446
140:0 173 196 202 282 334 352 414 446
141:0 67 173 196 202 276 282 334 352 401 414 446 668
142:0 143 173 231 257 366 401 406 414 432 446 636
143:0 7 8 9 196 200 264 276 278 289 304 343 351 352 387 402 428 441 442 495 666
144:0 143 173 196 324 352 432 636
145:0 143 173 257 324 351 366 432 636
146:0 173 366 432 636
150:0 7 8 9 67 173 196 231 264 271 272 277 278 285 289 324 351 352 356 401 409 428 472 477 478 492
151:0 7 8 9 20 67 143 162 173 180 196 200 202 215 220 231 235 253 257 264 270 271 272 276 277 278 282 283 285 289 304 324 334 335 340 343 351 352 356 366 380 387 388 393 401 402 406 409 414 428 432 441 442 446 450 472 477 478 492 495 502 527 529 530 634 636 666 668
161:0 7 8 9 162 173 231 253 264 271 282 343 351 352 387 401
162:0 7 8 9 162 173 231 253 264 271 282 343 351 352 387 401
163:0 143 173 257 277 278 304 366 432
164:0 173 257 277 278 304 366 432 636
165:0 8 9 173 202 253 264 282 366 409 450
166:0 8 9 173 202 253 264 282 366 409 432 450
167:0 173 202 324 340 450 492 527
168:0 173 202 324 340 492 527 634 666
169:0 143 162 173 202 253 257 289 366 428 432
170:0 173 196 215 340 351 352
171:0 173 196 215 340 351 352 401
172:0 9 173 231 253 270 324 343 351 393 527
173:0 173 196 231 253 270 271 272 277 278 283 304 324 343 351 352 356 387 428 472 477 495
174:0 173 196 215 220 253 270 272 277 278 283 304 340 343 351 352 356 387
175:0 173 215 253 271 277 283 304 324 343 351 352 428 477
176:0 173 215 257 264 271 277 283 304 324 343 351 352 366 409 428 432 477
177:0 143 173 202 220 257 271 277 285 324 366 428 477 478 502
178:0 143 173 202 220 257 271 277 285 324 428 432 477 478 492 502 636
179:0 173 215 231 351 393 495 527
180:0 7 9 173 215 231 264 351 393 495 527
181:0 173 200 215 231 264 351 393 495 527 636
182:0 173 202 235 253 380 388 402 409 495 636
183:0 8 173 196 231 264 282 304 340 343 352
184:0 8 173 196 231 264 282 304 340 343 352 668
185:0 7 8 9 173 264 270 272 343 414 446 492 495 666
186:0 8 173 196 264 270 283 352
187:0 173 270 402
188:0 173 270 402
189:0 173 270 402
190:0 7 8 9 67 173 180 231 253 264 272 282 289 340 343 351 352 402 441 492
191:0 173 253 270 414 495
192:0 173 235 253 270 283 402 414 495
193:0 173 202 324 366 432 450
194:0 8 173 196 231 352 401 414 495 666
195:0 8 173 196 231 264 352 401 414 495 666
196:0 173 215 231 271 277 285 304 324 343 428 477 478 502 636
197:0 173 180 215 231 289 304 343 472 492 634 636
198:0 143 173 180 196 253 257 289 432
199:0 8 173 196 231 264 271 277 278 285 324 334 335 401 409 472 477 492 495 502 636
200:0 173 196 215 253 271 277 285 289 304 351 472 477 478 492 502
203:0 173 231 253 271 277 278 285 304 324 351 356 477 492 502 666
204:0 173 202 220 356 446 529
205:0 173 202 220 324 335 356 446 477 502 529 636
206:0 20 173 220 231 277 351 352 387 401 428 446 666
207:0 173 231 366 401 414 432 446 450 634
208:0 173 335 393 401 406 414 442 666
209:0 7 8 9 67 162 173 215 264 276 304 343 351 352 387
210:0 7 8 9 67 162 173 215 231 264 276 304 343 351 352 387 666
211:0 173 196 220 324 340 351 352 634 668
212:0 173 276 282 366 432 450 636
213:0 20 173 270 282 414 446 495
214:0 67 173 264 270 282 334 450 634
215:0 8 67 173 180 231 264 282 492 634 636
216:0 7 8 9 264 276 304 387 402 441
217:0 7 8 9 67 253 264 276 304 387 402 441 634 636 666
218:0 173 220 257 334 495
219:0 173 220 257 334 446 495 666
220:0 173 276 283 414 446
221:0 173 276 283 414 446 666
222:0 173 196 277 283 352 446 634 666 668
223:0 173 196 340 402 441
224:0 20 173 196 340 352 402
225:0 8 143 173 196 264 278 324 340 352 402 432 441
226:0 173 196 270 366 401 402 432 441 442 668
227:0 143 173 196 334 366 432 442 446
228:0 162 173 180 231 253 257 272 289 304
229:0 162 173 180 231 253 257 272 289 304 634 636
231:0 173 231 276 282 283 304 402 414 441 446
232:0 173 231 276 283 304 334 335 340 387 402 414 441 446 666
233:0 173 196 220 231 271 351 356 387 428 472 477 492 502 527
234:0 173 180 231 253 285 324 340 351 356 387 478 634
236:0 67 173 253 272 343 636
237:0 67 173 270 272 343 636
238:0 8 173 196 215 253 270 271 272 277 278 285 324 343 352 428 472 478
239:0 7 8 173 253 264 270 324 343 393 527 530
240:0 9 173 231 253 257 264 270 343 530
241:0 7 8 9 173 196 231 264 270 335 351 352 442 446 495 666
242:0 7 8 9 173 196 215 231 264 270 278 283 285 289 304 335 343 351 352 356 387 409 428 446 477 502 636 666
243:0 173 231 324 351 393 442 634 636
244:0 173 231 257 442 636 666
245:0 173 196 231 324 352 442 636
246:0 173 180 200 231 253 276 334 414 442 446
247:0 173 180 200 231 253 276 334 414 442 446
248:0 7 8 9 67 173 180 200 231 253 264 276 334 335 351 352 401 406 414 442 446 492 666
249:0 173 196 202 231 271 285 304 324 351 352 366 401 406 414 428 432 442 472 477 636
250:0 173 202 257 304 324 351 366 414 428 432 442 636
251:0 173 202 235 253 270 271 277 285 324 351 352 387 388 402 414 428 446 472 477 478 502 636
261:0 162 173 180 231 253 289 304 343 492
262:0 162 173 180 231 253 289 304 343 492 634 636
263:0 162 173 196 231 270 271 304 351 352 387 402 441
264:0 162 173 196 231 270 271 304 351 352 387 402 441 634 666
265:0 173 334 527
267:0 173 324 366 432 450 527 636
268:0 334 450 527
269:0 173 202 324 366 432 450 527 636
270:0 173 196 235 253 352 402
271:0 7 8 9 173 196 202 235 304 352 402 409
272:0 7 8 9 173 196 202 235 253 264 282 304 352 402 409 428
273:0 173 180 202 388 402 432 492
274:0 67 173 180 202 235 388 402 432 492
275:0 67 173 180 196 202 235 282 340 366 388 402 432 492 634
276:0 143 173 257 366 432
277:0 143 173 257 366 432 636
278:0 143 173 196 253 282 351 366 432 668
279:0 143 173 196 253 282 351 402 432 441 668
280:0 7 8 9 173 196 220 270 271 277 278 285 289 304 324 351 428 472 477 478 502
281:0 7 8 9 173 196 220 270 271 277 278 285 289 304 324 351 428 472 477 478 502
282:0 7 8 9 173 196 215 220 270 271 277 278 285 289 304 324 351 428 472 477 478 502 636
283:0 173 196 202 324 352 450 668
284:0 173 196 202 324 352 366 432 450 668
285:0 173 235 264 270 289 409
286:0 9 173 202 231 235 264 270 276 289 388 409 636
287:0 7 8 9 173 196 264 351 352 441 495
288:0 7 8 9 67 173 196 343 351 352 441 495
289:0 7 8 9 67 173 196 264 335 351 352 441 495 666
290:0 173 180 202 450
291:0 173 180 202 253 432 636
292:0 173 202 271 450 477 502
293:0 7 8 9 173 196 283 351 352 428
294:0 7 8 9 67 173 196 283 351 352 428 666
295:0 7 8 9 67 173 196 200 283 351 352 428 666
296:0 7 8 9 67 173 264 270 272 276
297:0 7 8 9 67 173 264 270 272 276 442 634 666
298:0 173 196 231 253 282 304 343 352
299:0 7 8 9 173 220 277 334 351 356 393 446 666
300:0 173 196 231 253 270 304 351 352 387 428
301:0 173 196 215 231 253 270 304 343 351 352 387 428 636 666
302:0 7 8 9 67 173 180 196 220 264 271 272 277 289 324 351 352 356 472 477 502
303:0 8 9 162 173 196 220 264 282 289 387 393 446 492 636
304:0 173 180 253 276 283 351 352 393 414 446
305:0 173 180 253 276 283 351 352 393 414 446 666
306:0 7 8 9 67 173 180 196 200 253 264 276 283 335 351 352 393 401 406 414 446 666
307:0 7 8 9 67 173 220 264 270 271 272 277 278 324 356 409 428 477
308:0 67 173 220 264 270 271 272 277 278 324 356 409 477 636
309:0 173 231 253 324 351 393
310:0 173 231 253 324 351 393 636
311:0 9 173 231 253 324 343 351 393 527
312:0 9 173 231 253 324 343 351 387 393 527
313:0 8 9 173 202 264 271 351 352 366 432 450
314:0 8 9 173 202 264 351 352 366 432 450
315:0 173 343 388 402
316:0 7 8 9 173 202 220 289 351 352 402
317:0 7 8 9 173 202 220 289 335 351 352 402
318:0 162 173 180 196 253 340 352 428
319:0 162 173 180 196 253 340 352 428 668
320:0 173 196 304 428
321:0 173 196 304 335 428 442 668
322:0 173 257 442 446 495
323:0 173 257 442 446 495 666
324:0 173 231 276 414 446 495 666
325:0 196 215 231 271 272 278 285 289 324 343 351 477 502
326:0 7 8 9 196 215 231 264 271 272 278 285 289 324 343 351 409 477 502 636
327:0 7 8 9 67 173 196 264 270 271 272 278 285 289 304 343 351 352 387 409 428 666
328:0 173 202 324 450
331:0 9 67 173 180 202 235 264 272 335 388 402 409
332:0 9 67 173 180 202 235 264 272 276 335 388 402 409 492 666
333:0 143 173 200 215 253 257 304 366 432
335:0 7 8 9 67 173 196 202 231 264 282 283 351 352 387 634
336:0 20 173 202 231 282 289 401 634
337:0 173 196 220 270 277 278 285 324 356 414 428 442 446 477 502 636 666
338:0 173 220 257 270 277 278 285 324 334 356 414 428 442 446 477 502 636 666
339:0 196 340 414
340:0 196 340 414 666
341:0 173 180 196 276 283 334 352
342:0 173 180 196 276 283 334 352 668
343:0 173 271 277 278 285 324 356 428 446 472 477 502 529
344:0 173 271 277 278 285 324 356 428 446 472 477 502 529
345:0 20 173 220 235 388 402 414 446
346:0 20 173 220 235 335 388 402 414 446
347:0 173 282 334 352 414 446
348:0 67 173 231 276 282 334 335 352 401 414 446 450 666 668
349:0 173 196 231 352 406
350:0 20 173 196 231 277 406 442 636
351:0 173 196 351 352 366 387 432
352:0 7 8 9 67 173 196 231 264 271 272 277 278 282 285 289 351 352 387 401 409 446 472 492 495
353:0 173 196 220 272 277 285 351 441 477 478 492 502
354:0 173 196 220 272 277 285 351 441 477 478 492 502 634
355:0 173 180 196 220 271 285 289 356 472 477 502
356:0 173 180 196 220 264 271 285 289 472 477 502
357:0 173 200 202 366 388 402 406 432 666
358:0 20 173 196 270 271 277 278 282 285 289 304 324 351 356 387 428 432 477 502 636
359:0 173 180 196 231 272 276 277 282 289 340 351 352 428 492 634 636
361:0 173 180 335 352
362:0 162 173 180 324 335 352 442 636
363:0 162 196 231 324 352 401
364:0 162 196 231 324 352 401
365:0 162 196 231 324 335 352 401 442 666
366:0 173 196 352
367:0 20 162 173 196 289 340
368:0 20 173 196 324 340
369:0 173 196 340 352 401 414 428 446 666
370:0 173 196 340 668
374:0 334 428 442
375:0 8 9 173 196 271 324 356 442 446 477 502
376:0 8 9 173 196 271 324 335 356 442 446 477 502 636 666
377:0 7 8 9 173 264 335 351 356 409 414 442 446 666
378:0 8 9 173 264 324 335 351 356 442 666
379:0 8 9 173 264 335 351 356 393 446 666
382:0 173 196 253 324 335 351 442 668
383:0 7 9 173 231 253 335 351 406 442 446 666
385:0 7 8 9 173 196 253 271 277 278 285 324 334 351 352 409 442 446 477 478
386:0 7 8 9 20 67 173 196 264 271 272 277 278 285 324 351 352 356 409 446 472 477 502 634 636 666
386:1 20 67 173 264 271 272 276 277 278 285 289 324 351 352 356 409 428 446 472 477 502 634 636 666
386:2 20 67 173 264 271 272 277 278 282 285 289 324 334 351 352 356 409 428 446 472 477 502 634 636 666
386:3 7 8 9 20 67 173 264 271 272 277 278 282 285 289 324 351 352 356 409 428 446 472 477 502 634 636 666
396:0 173 253 257 366 432
397:0 173 253 257 366 432
398:0 143 173 253 257 366 432 636
399:0 173 196 231 343 351 387 401 446
400:0 173 196 231 264 343 351 352 387 401 446 666 668
401:0 173 253 283
402:0 173 215 253 282 283 304 450 634 636
403:0 173 231 270 324 351 393
404:0 173 231 270 324 351 393
405:0 173 231 270 276 324 351 393 634 636
406:0 173 202 235 253 343 402
407:0 173 202 235 343 388 402 636
408:0 7 9 173 180 231 253 276 283 351 406 414 442 446
409:0 7 9 173 180 200 220 231 253 264 276 351 406 414 442 446 636 666
410:0 173 231 351 393 414 446
411:0 173 200 231 277 351 393 414 446 666
412:0 173 527
413:0 173 202 235 253 283 285 324 388 402 477 502 527
413:1 173 253 283 285 324 414 446 477 502 527
413:2 173 253 283 285 324 334 393 441 446 477 502 527
414:0 173 202 285 324 366 432 527
415:0 173 283 366
416:0 173 283 324 366 432 450 636
417:0 9 173 231 253 270 343 351 393 402 441 527 636
418:0 8 173 196 231 264 270 352
419:0 8 67 173 196 231 264 270 352 668
420:0 173 202 235 402
421:0 173 202 235 402 636
422:0 173 196 220 414
423:0 173 196 220 335 414 666
424:0 7 8 9 67 173 180 231 253 264 272 282 289 340 343 351 352 402 441 492 636
425:0 20 173 180 196 220 271 277 278 282 285 351 366 432 477 502
426:0 20 173 180 196 220 271 277 278 282 285 351 366 432 477 502
427:0 7 8 9 67 173 215 231 253 264 270 277 283 304 343 351 352 387 409
428:0 7 8 9 67 173 215 231 253 264 270 283 304 343 351 352 387 409 636
429:0 173 196 215 220 253 271 277 285 289 304 351 472 477 478 492 502 636
430:0 143 173 180 196 253 257 276 289 366 432
431:0 162 173 231 282 289 304 343 351 352 387 492
432:0 162 173 231 282 289 304 343 351 352 387 492 634 666
433:0 20 173 196 215 270 271 277 278 282 285 289 304 324 351 356 428 477 502
434:0 173 231 289 432 492 634
435:0 173 231 289 432 492 634
436:0 173 271 278 285 324 356 446 472 477 502
437:0 173 271 278 285 324 356 428 442 446 472 477 502
438:0 173 253 270 272 343 414 446 492 495 666
439:0 173 196 253 264 270 277 285 289 324 343 351 409 472 477 478 502
440:0 173 196 215 253 270 278 283 304 343 351 352 356 387 409 428
441:0 143 173 257 272 366 432
442:0 173 196 220 253 271 289 351 352 472 477 492 502
446:0 7 8 9 173 196 253 264 276 304 343 351 352 402 428 441 495 666
447:0 8 9 67 173 231 264 270 272 334 393 409 428 530 636
448:0 8 9 67 173 231 264 270 272 334 352 393 409 428 530
449:0 173 231 276 352 414 446 666
450:0 173 231 276 352 414 442 446 666
451:0 173 231 401
452:0 173 231 401 634 666
453:0 8 9 67 162 173 180 196 264 270 272 282 289 340 409 441 492 530
454:0 8 9 67 162 173 180 196 264 270 272 282 289 340 409 441 492 530 634
455:0 173 202 235 282 380 388 402 432 450 634
456:0 173 196 324 366 401 432
457:0 173 196 324 366 401 432
458:0 173 196 270 324 366
459:0 8 173 202 231 235 272 352 388 402
460:0 173 200 202 231 235 264 272 335 352 388 402 666
461:0 8 67 173 180 231 264 282 492 634 636
462:0 173 277 278 324 334 351 356 442 502 527
463:0 7 8 9 20 173 196 231 264 335 351 352 401 428 666
464:0 7 8 9 173 180 196 200 231 253 264 276 283 335 351 401 406 414 442 446 666
465:0 173 220 235 283 351 388 402 666
466:0 8 173 231 264 270 324 343 393 527 530 666
467:0 67 173 231 257 264 270 343 530 666
468:0 173 215 257 264 271 277 283 304 324 343 351 352 366 387 409 428 432 477 636
469:0 173 202 324 366 432 636
470:0 173 215 231 282 304 343 388 402 636
471:0 173 215 231 304 324 343 352 401 636
472:0 143 173 231 366 401 414 432 446 450 634
473:0 173 196 276 282 283 335 414 442 446 666
474:0 173 196 220 231 253 271 278 351 356 387 428 472 477 492 502 527
475:0 7 8 9 67 173 220 264 271 277 278 282 285 289 304 324 351 409 428 472 477 478 502 530 634 636
476:0 7 8 9 173 220 277 351 442 446 477 502 666
477:0 173 180 196 220 264 271 285 289 472 477 502 636
478:0 8 173 180 220 271 289 324 335 351 352 477 502 636
479:0 173 180 220 289 324 432 477 492 502 527
479:1 173 180 220 289 324 432 477 492 502 527
479:2 173 180 220 289 324 432 477 492 502 527
479:3 173 180 220 289 324 432 477 492 502 527
479:4 173 180 220 289 324 432 477 492 502 527
479:5 173 180 220 289 324 432 477 492 502 527
480:0 7 8 9 173 202 215 231 270 271 272 277 278 282 285 324 351 352 428 446 472 477 478 492 502 636
481:0 7 8 9 173 231 270 271 272 277 278 282 285 324 351 352 428 446 472 477 478 502 636
482:0 7 8 9 173 231 270 271 272 277 278 282 285 324 351 352 428 446 472 477 478 502 636
485:0 173 253 334 406 446 450 666
486:0 173 196 264 276 335 351 356 409 414 442 666
488:0 173 196 270 271 277 278 285 324 356 428 477 478 502
489:0 173 196 215 253 270 282 324 340 343 387 668
490:0 173 196 215 253 270 282 285 324 340 343 387 668
491:0 173 180 196 264 271 282 289 351 387 409 472 492 634
492:0 173 202 283 343 387 402 414 428 636
494:0 7 9 173 253 257 270 271 272 277 285 324 340 351 387 477 636
504:0 67 173 231 270 283 343 351 387 401 402 428 441 636
505:0 7 8 9 173 231 264 270 282 283 324 343 351 387 401 402 428 441 636 666
506:0 173 253 304 343 351 495
507:0 173 253 304 343 351 495
508:0 173 253 276 304 343 351 442 495 666
509:0 173 180 231 271 272 282 304 343 402 441 492
510:0 173 180 231 271 272 282 304 343 402 441 492 634 636
517:0 173 215 220 270 271 277 285 324 351 356 388 472 495 502
518:0 173 215 220 270 271 277 285 324 351 356 388 428 472 477 495 502
519:0 173 253 257 432
520:0 173 253 257 432
521:0 173 253 257 432
522:0 67 173 289 324 340 393
523:0 67 173 289 324 340 393 502 636
524:0 173 335 356 414
525:0 173 335 356 414 666
526:0 173 276 335 356 414 442 634 636 666
527:0 162 173 202 253 257 270 271 277 282 285 324 351 366 428 432 477 495 502
528:0 143 162 173 202 253 257 270 271 277 282 285 324 351 366 428 432 477 495 502 636
529:0 173 334 414 446
530:0 173 334 393 414 442 446 666
531:0 7 8 9 67 173 196 215 220 231 253 264 272 277 282 285 289 324 343 356 409 428 477 502 634 636 666
532:0 7 8 9 173 270 282 335 409
533:0 7 8 9 173 270 282 335 409
534:0 7 8 9 173 270 282 335 409 666
535:0 173 196 283 340 352 414 495
536:0 173 196 264 283 340 352 380 414 446 495
537:0 8 67 173 196 264 282 283 340 352 380 414 446 495 666
538:0 7 8 9 67 173 220 264 270 282 335 428 636 666
539:0 7 8 9 67 173 220 264 270 276 282 335 428 530 634 636
540:0 173 202 235 277 324 334 388 402 527
541:0 173 202 235 277 324 334 388 402 527
542:0 173 202 215 235 277 282 324 334 388 402 527 634 636
543:0 173 283 324 334
544:0 173 283 324
545:0 173 231 276 283 289 324 401 634 666
546:0 173 282 343 366 388 402 432
547:0 173 202 270 282 283 343 388 402 432
548:0 173 215 343 388 402 636
549:0 173 202 215 270 272 343 388 402 495 636
550:0 173 196 276 283 340 428 668
551:0 173 180 231 253 289 401 414 446
552:0 67 173 180 231 253 264 282 289 401 414 446
553:0 67 173 180 231 253 264 276 282 289 335 401 406 414 446 634 666
554:0 173 257 264 283 289 428
555:0 173 253 257 264 283 289 428 636
556:0 173 253 270 282 283 304 340 388 402 409 634
557:0 173 282 334 335
558:0 173 282 334 335 666
559:0 7 8 9 162 173 180 231 282 289 334 406 409 428 442 492 530
560:0 7 8 9 162 173 180 200 231 282 289 334 406 409 428 442 492 530 634
561:0 173 196 257 271 277 285 324 351 428 432 477 478
562:0 173 180 220 271 272 277 282 285 289 334 335 351 428 472 477 495 502
563:0 173 180 220 271 272 277 282 285 289 334 335 351 428 472 477 495 502
564:0 173 196 231 282 334 335 352 414 428 446 668
565:0 67 173 196 231 276 282 334 335 352 414 428 442 446 668
566:0 173 231 253 257 282 334 340 366 401 406 414 428 432 446 502
567:0 143 173 200 231 253 257 282 334 340 366 401 406 414 428 432 446 502
568:0 173 180 202 220 402 409
569:0 173 180 202 220 402 409 666
570:0 173 180 253 271 282 289 304 340 343
571:0 67 173 180 253 271 282 289 304 340 343 634 636
572:0 173 231 253 282 343 351 401 402 441
573:0 173 231 253 282 304 343 351 387 401 402 441 495 636
574:0 173 215 253 270 271 272 277 278 285 289 324 343 351 356 428 492 502
575:0 173 215 253 270 271 272 277 278 285 289 324 343 351 356 428 492 502
576:0 173 215 253 270 271 272 277 278 285 289 324 343 351 356 428 492 502 636
577:0 173 270 271 272 277 324 334 351 356 428 477 495 502
578:0 173 270 271 272 277 324 334 351 356 428 477 495 502
579:0 7 8 9 173 264 270 271 272 276 277 282 324 334 351 356 409 428 477 495 502 636
580:0 173 196 253 283 668
581:0 143 173 196 253 283 668
582:0 173 277 324 334 352 393 502
583:0 173 277 324 334 352 393 502
584:0 173 277 324 334 352 393 502
585:0 173 202 235 340 387 388 402
586:0 173 202 235 340 387 388 402 666
587:0 173 231 270 282 324 343 366 387 432 527
588:0 173 202 282 324 334 450 529
589:0 173 202 282 324 450 529 636
590:0 173 380 388 402 492 495
591:0 173 380 388 402 492 495 666
592:0 20 173 180 196 202 220 271 277 351
593:0 20 173 180 196 202 220 271 277 351
594:0 173 196 220 277 282 340 668
595:0 173 202 340 351 393
596:0 173 202 340 351 393 634
597:0 173 202 282 283 356 388 393 402 446
598:0 173 202 282 283 335 356 388 393 402 446
599:0 173 253 277 278 324 334 351 356 393 477
600:0 173 253 277 278 324 334 351 356 393 477 502
601:0 173 253 277 278 324 334 351 356 393 477 502
602:0 393
603:0 162 173 202 231 282 324 340 351 393 401 634
604:0 7 9 20 162 173 200 202 231 264 276 282 324 340 351 393 401 406 409 634
605:0 173 220 253 271 272 277 278 285 289 324 351 356 477 495 502
606:0 173 220 253 271 272 277 278 285 289 324 351 356 477 495 502
607:0 173 180 257 271 351 477 502
608:0 173 180 257 271 351 477 502
609:0 173 180 257 271 351 477 502 636
613:0 8 67 173 264 276 343 352
614:0 8 67 173 264 343 352 634
615:0 173 277 282 324 334 352 432 636
616:0 173 324 380 450
617:0 173 282 324 380 450 636
618:0 173 180 220 253 283 351 352 393 401 414 446 492 527 666
619:0 67 173 264 270 272 282 502 530
620:0 67 173 264 270 272 282 502 530 636
622:0 7 8 9 67 173 196 276 277 324 335 351 356 409 414 446 477 502
623:0 7 8 9 67 173 196 276 277 324 335 351 356 409 414 428 446 477 502
624:0 67 173 180 272 282 289 393 446 492 530
625:0 67 173 180 272 282 289 393 446 492 530 634 636
626:0 173 200 253 276 283 428 442 666
627:0 173 257 276
628:0 143 173 257 428 636
629:0 173 257 282 289 335 492
630:0 143 173 257 282 289 334 335 492
631:0 7 9 67 173 202 257 264 276 278 282 380 634 666
632:0 173 276 283
636:0 173 202 257 324 393 428
637:0 173 202 324 366 393 428 432 450
638:0 173 276 334 335 340 393 428 446 636
639:0 173 276 335 414 428 442 446 636 666
640:0 173 235 276 335 340 388 402 428 636
641:0 173 196 231 257 272 276 282 432 492
642:0 9 173 231 272 276 282 432 492 527
645:0 173 231 272 276 282 356 432 446
645:1 173 200 231 272 276 282 335 356 414 432 446
647:0 67 173 196 276 283 340 343 352 387 668
648:0 7 8 9 67 173 215 253 264 270 271 277 278 282 285 289 324 343 351 356 387 409 428 472 477 478 502 530 636
649:0 173 202 277 278 334 351 356 387 428 441 442 450 477 502 527
659:0 173 231 278 283 387 442
660:0 7 8 9 67 173 231 253 264 276 278 282 283 289 380 387 414 441 442 492 666
661:0 173 257 289 432
662:0 173 257 289 432
663:0 173 257 289 432
665:0 334 450 527
666:0 173 202 283 324 366 432 450 527 636
667:0 173 231 257 270 289
668:0 173 231 257 270 289 340
670:0 173 202 215 235 270 277 283 343 388 402 495 502
671:0 173 202 215 235 270 277 283 343 388 402 432 495 502
672:0 173 202 231 428
673:0 173 202 231 276 340 428 666
674:0 7 8 9 67 173 180 253 264 270 276 282 283 289 304 335 343 409 428 441 442 492 530
675:0 7 8 9 67 173 180 200 253 264 270 276 282 283 289 304 335 343 409 428 441 442 492 530 634 636 666
676:0 173 231 253 270 272 283 304 387 428
677:0 173 215 231 270 271 272 277 278 285 289 324 351 356 428 472 477 478 502
678:0 173 215 231 271 277 278 285 289 324 351 356 428 472 477 478 502
678:1 173 215 231 270 271 277 278 285 289 351 356 428 472 477 478 502
679:0 173 180 351 393 495 636
680:0 173 180 351 393 495 636
681:0 173 180 335 351 393 495 636
682:0 173 215 270 277 283 343 477 495 502
683:0 173 215 270 277 283 343 409 477 495 502
684:0 173 215 270 277 343 380 495
685:0 173 215 270 277 343 380 409 495
686:0 20 173 180 272 282 289 477 502
687:0 20 173 180 272 282 289 324 335 477 502 634
688:0 173 196 270 283 334 352 446 530 668
689:0 67 173 196 270 276 283 334 352 414 446 530 636 668
690:0 173 196 200 231 340 351 441
692:0 173 196 231 270 340 401 406
693:0 173 196 231 270 340 401 636 668
694:0 173 231 324 351 393 502 527
695:0 7 9 67 173 231 304 324 351 393 406 502 527
698:0 173 200 231 304 334 352 393 401 414 428 442 446
699:0 173 200 231 304 334 352 393 401 414 428 442 446
700:0 173 215 231 277 304 343 477 636
701:0 7 9 67 173 264 270 276 366 387 409 428 432 442 502 530 634 636
702:0 9 162 231 270 278 324 343 351 387 393 502 527
703:0 173 277 334 343 356 393 414 472 477 495 502 666
707:0 173 277 334 343 387 393 432
708:0 173 180 202 220 271 272 277 285 388 402 477 492 502
709:0 173 180 202 220 271 272 277 285 335 388 402 409 477 492 502
710:0 180 202 235 272 277 285 477 492 502
711:0 180 202 235 272 277 285 477 492 502
712:0 173 334 352 495
713:0 173 276 335 352 442 495 666
716:0 173 283 304 335 428 432 472 636
717:0 173 257 282 304 335 366 428 432 636
719:0 173 215 270 283 334 343 356 387 393 414 472 477 495
720:0 7 8 9 173 253 264 272 278 282 289 324 335 343 351 356 387 409 441 477 478 492 530 634 636
721:0 173 257 276 414 432 666 668
731:0 143 173 253 257 282 366 432 441
732:0 143 173 253 257 282 366 432 441
733:0 143 173 253 257 282 366 402 432 441
734:0 173 231 253 283 351 387 666
735:0 7 8 9 173 231 253 283 335 351 387 428 442 530 666
736:0 173 351 393 527
737:0 173 351 393 527
738:0 173 324 334 351 393 527 636
739:0 8 9 173 264 276 283 409 428 442 530
740:0 9 173 196 264 276 283 335 409 428 442 530
741:0 143 173 196 272 343 366 432
742:0 173 270 271 285 324 343 366 387 432 450 472 477 478 495 502
743:0 173 270 271 285 324 343 366 387 432 450 472 477 478 495 502
744:0 173 231 283 304 334 343 387 414 428 442 666
745:0 173 231 283 304 334 343 387 414 428 442 529 666
745:1 7 9 173 200 231 253 264 283 304 334 343 387 414 428 442 492 530 634 636 666
746:0 173 231 343 352
747:0 173 180 196 220 277 282 289 334 343 352 380 441 495
748:0 173 180 196 220 277 282 289 334 335 343 352 380 441 495
749:0 67 173 283 414 442 446 666
750:0 67 173 283 414 442 446 666
751:0 173 196 202 277 324 334 352 472 478
752:0 173 196 202 277 324 334 352 472 478 636
753:0 173 202 324 388 402 432 450 530
754:0 173 202 276 282 324 388 402 432 450 530 636
755:0 173 235 277 278 324 388 402 472 478 495
756:0 173 235 277 278 324 388 402 472 478 495
757:0 173 231 257 270 282 289 343 441 492
758:0 173 231 257 270 282 289 343 441 492 636
759:0 8 9 20 173 264 272 428 442 530 666
760:0 8 9 20 67 173 264 272 409 428 442 530 666
761:0 173 202 235 270 283 340 343 388 402 428
762:0 173 202 235 270 282 283 340 343 388 402 428
763:0 67 173 202 235 270 282 283 340 343 388 402 428 636
764:0 20 173 202 215 220 271 272 277 343 366 388 402 432 477 495 502
765:0 173 180 220 271 277 282 289 335 343 356 472 477 478 502
766:0 173 231 253 264 276 282 283 289 335 351 402 409 441 442 527 636
767:0 173
768:0 173 196 220 282 283 352 442 529 530 634 636
769:0 173 180 220 271 272 278 285 335 356 446 495
770:0 173 180 220 271 272 278 285 335 356 446 495
771:0 180 278 335
772:0 173 196 277 324 334 387
774:0 173 283 356 387 393 428 442 477
775:0 173 276 282 283 387 428 442 666
777:0 162 173 231 270 272 283 340 343 351 356 387 428 442 495 527
778:0 173 180 202 271 289 343 387 409 477 478 495
779:0 173 220 231 253 277 289 324 352 472 477 478 495 502 668
781:0 173 180 220 235 270 272 282 334 335 442 477 502
785:0 9 143 173 304 334 432 442 477 527
786:0 173 277 334 356 472 477 478 502
787:0 173 235 264 334 388 402 477 530
788:0 8 173 196 271 277 282 334 356 472 477 478
791:0 173 200 231 276 282 283 304 334 351 387
792:0 143 173 180 196 257 271 324 351 366 432 472 477 478
793:0 20 173 180 220 272 277 282 388 428 441 442 477 492 502
794:0 173 200 283 340 409 442 450 530 666
795:0 173 196 200 289 324 335 351 450 492 527 529 634 636
796:0 20 173 277 356 393 527
797:0 173 276 335 351 356 393 428 666
798:0 173 202 282 334 366 387
800:0 173 200 257 278 282 304 324 351 393 406 414 442 477 502
801:0 173 215 324 351 387 393 428 495
802:0 67 173 200 264 276 282 289 340 387 428 442 492 634