1:0 80 124 130 133 174 202 203 204 267 275 320 345 437 438 593
4:0 44 68 187 200 232 242 246 251 314 349 394 407
7:0 54 114 175 193 243 252 281 287 300 323 330 362 392 396 453
16:0 185 193 211 228 314 403 413
19:0 44 68 103 154 172 179 279 382 515
19:1 68 103 154 179 254 256 279 382 415 515
21:0 13 18 98 161 184 185 211 297 310
23:0 21 50 184 228 251 305 342 389 415
27:0 68 175 203 229 232 306 341 400 431 468 498 603
27:1 68 133 175 203 232 306 333 400 468 498 556
29:0 36 48 50 68 116 130 203 204 228 251 342 498 607
32:0 36 48 50 68 93 133 203 251 342 389 457 498 607
37:0 50 95 175 185 290 326 336 384 394 445 506 541
37:1 50 95 97 175 204 227 290 326 336 384 541 568 572
41:0 16 18 95 98 174 185 211 228 413 417 607
43:0 75 175 204 267 275 290 298 321 650
46:0 60 68 73 97 103 175 203 228 230 232 363 440 469 591 593 603
48:0 97 103 226 234 290 324 390 476
50:0 29 103 179 185 203 228 246 251 253 262 310 426 515
50:1 29 37 179 185 203 228 246 251 262 319 515
52:0 39 95 133 175 204 274 316 386
52:1 95 133 175 204 260 274 386 600
54:0 60 95 109 193 214 227 238 248 281 287 290 426 485 493 499
56:0 68 96 179 193 214 227 251 265 279 370 400 658
58:0 24 34 37 38 83 234 242 257 336 370 394 659
60:0 54 61 114 150 170 203 227 287 301 341 346
63:0 112 227 375 379 385 470 633
66:0 27 68 96 227 265 282 321 370 379 418 484 501
69:0 141 227 275 311 321 331 345 363 438 491 499 584 650
72:0 62 109 114 145 229 243 321 330 367 392
74:0 5 174 175 203 359 431 469 475
74:1 68 103 174 175 203 431 469 475
77:0 24 32 37 38 95 172 204 234 445 624
79:0 23 187 214 248 300 382 428 584
83:0 16 98 119 174 175 189 193 211 279 297 348 355 376 400 493 515 646
84:0 48 98 114 119 175 185 283 363 372 413
86:0 21 32 50 122 195 214 227 252 254 255 256 333 494 584
88:0 114 122 174 184 212 254 255 256 286 325 425 491 602
88:1 174 184 212 228 254 255 256 286 372 425 499 602
90:0 36 41 61 103 112 229 333 341 350 392 419
92:0 50 114 123 149 184 195 288 310 499 513
95:0 111 175 205 350 431 446 469 484 603
96:0 112 260 274 290 385 417 427 471 633
98:0 21 97 114 117 133 175 203 246 321 498
102:0 174 236 246 267 275 363 381 384 437 593
104:0 24 103 130 187 195 197 203 246 442 498
108:0 34 37 133 174 187 214 222 265 330 359 584
109:0 60 103 149 174 194 254 255 256 288 390 607
111:0 68 130 174 179 222 242 306 368 407 422 423 424 431 470 603
113:0 68 69 118 203 217 312 363 426
114:0 72 73 93 133 175 202 267 358 363 384 437 476
115:0 23 38 50 68 116 193 306 359 376 509
116:0 13 50 62 82 150 175 190 225 330 499
118:0 34 56 60 114 130 189 214 300 341
122:0 95 102 109 248 252 271 298 358 417 471
123:0 13 68 179 203 211 226 318 400 405 501
127:0 31 98 175 185 276 364 370 382
131:0 32 90 174 193 214 246 248 250 287 321 349 419 568
133:0 174 175 197 203 204 273 281 313 321 343 363 445 485 500
138:0 21 48 61 62 114 117 191 250 330 378 390 513
140:0 36 61 62 103 109 175 193 229 341
142:0 18 174 193 211 225 228 355 372 469
143:0 18 38 68 90 122 174 204 228 363 584
147:0 48 54 114 225 245 349 407 453
152:0 22 34 68 73 175 246 267 275 287 312 320 378 437 505 593
155:0 24 37 38 98 154 179 193 267 306 326 336 394 481
158:0 37 56 232 242 246 260 300 313 346 349 453
161:0 38 116 163 179 204 228 274 363 445 560
163:0 17 18 48 97 101 119 185 212 297 542
165:0 60 68 103 117 146 203 227 318 405
167:0 41 49 50 60 224 226 228 390 400 476 656
170:0 54 60 97 103 133 175 250 362 487
172:0 3 117 175 179 203 217 227 252 268 273 321 344 381 516 586 588
173:0 102 118 133 150 187 217 273 312 313 321 500 505 599
174:0 185 195 214 217 273 313 386 445 505 599
175:0 64 119 193 217 234 248 290 326 375 381 417 500
177:0 65 98 114 185 211 287 297 355 389 485 493
179:0 28 34 36 97 103 260 268 316 587 588
183:0 34 48 133 187 195 217 248 276 287 293 330 346 453
185:0 29 106 111 120 174 203 205 328
187:0 38 93 133 203 227 312 388 538 593 650
190:0 3 21 68 97 103 228 251 252 279 415 501 541
191:0 73 117 174 203 227 230 234 267 275 320 363 593
193:0 18 38 141 179 185 228 290 318 364
194:0 24 34 68 105 174 214 227 246 254 255 256 300 385 491 587 602
198:0 17 18 65 103 109 119 185 195 260 297 355 372 375 386 413
200:0 103 174 180 194 262 286 382 389 417 425 466
203:0 13 24 36 133 193 212 243 248 251 273 290 633 665
204:0 38 42 68 129 175 203 279 328 379 390
206:0 29 44 97 117 174 214 246 290 310 376 506
207:0 13 17 38 68 97 226 232 328 342 364 379 400 431 440
209:0 38 102 118 185 217 242 265 313 370 422 423 424
211:0 48 61 114 175 310 362 453 491
213:0 51 189 230 328 350 367 515
214:0 38 69 106 117 175 224 228 279 350
215:0 44 68 193 228 252 274 306 364 386 419 420 458 556
216:0 36 38 68 69 187 214 232 238 242 281 313 370 400 498 579
218:0 108 151 174 205 254 255 256 262 385 414 517
220:0 34 36 38 44 90 174 246 333 341 419 556 568
222:0 54 103 109 112 117 133 174 267 275 293 333 392 457
223:0 48 62 103 114 129 175 190 323 341 350 352 491 494
225:0 62 68 98 150 191 194 229 248 252 301 420 516 568
226:0 21 56 114 133 150 239 243 300 346 469
227:0 18 65 174 203 228 372 385 413
228:0 68 83 99 179 194 228 251 364 386 389 417 422 424
231:0 34 68 90 116 189 246 420 457 484 579 624
234:0 24 37 44 50 99 224 300 326 382 428
236:0 68 136 170 183 203 228 229 270 364 410 418
238:0 96 252 273 357 358 417 445
239:0 2 27 96 112 223 238 359 364
240:0 2 5 103 112 116 183 187 223 238 384 394 584
241:0 38 69 146 174 179 203 214 217 359 363 386 531 584
246:0 23 116 174 228 246 349 372
252:0 13 24 73 225 242 283 300 306 320 331 345 363 437 593
255:0 68 97 174 179 203 226 265 297 306 364 400 481
258:0 23 38 44 68 112 124 174 243 246 250 281 287 301 419 426 469
261:0 43 214 281 305 310 382 389 422 423 424 579
263:0 189 204 214 228 245 321 431 493
270:0 55 68 73 75 175 202 230 298 321
273:0 13 36 73 98 133 251 331 384 417 593
276:0 18 48 99 119 211 228 287 355 413 542 561
278:0 16 54 97 239 346 355 362 392 469 487
280:0 50 109 194 212 227 262 288 425 485 599
283:0 56 60 170 193 203 341 453 471 591 656
285:0 204 313 331 358 363 388 402
287:0 34 163 174 214 228 306 321 359 400
290:0 16 185 203 318 400 405 515
293:0 18 36 108 265 313 326 359 509 586
296:0 68 185 193 197 223 238 279 358 364 418 469 498
298:0 21 34 47 227 287 293 313 321 330 346 383 487
299:0 38 203 205 222 335 469
300:0 226 252 273 313 321 322 389 426 445 493
302:0 105 212 236 260 286 364 368 389 417 445
303:0 21 69 246 305 321 368 385 386 389 422 423 424 445 599 602
304:0 23 34 103 174 179 265 407 442 457
307:0 193 223 226 252 290 384 385 418 427 501
309:0 29 129 174 242 415 422 423 424 435 481 486 587
311:0 47 186 204 273 313 381 435 671
312:0 47 186 204 273 313 381 435 671
313:0 69 146 226 227 318 405 656
314:0 74 109 226 227 312 313 318 405 445
315:0 42 75 79 170 178 191 202 235 320 331 363 437
316:0 123 151 174 189 194 441 607
318:0 37 38 56 129 194 246 362 665
320:0 34 37 38 90 111 174 214 321 392 487 499
322:0 23 34 74 111 184 203 205 246 254 255 256 281 336 426 484
324:0 90 130 203 214 281 284 481 499
325:0 18 133 203 243 248 326 381 428 493
327:0 50 226 227 229 252 265 273 274 313 375 427 470 651
328:0 16 98 116 175 203 210 341 414
331:0 50 51 68 223 265 298 320 345 415 417 584 591 602 603
333:0 97 99 114 211 228 297 355 384 407 579
335:0 13 24 50 68 154 174 175 187 232 364 400 458 501 515
336:0 34 184 254 255 256 372 378 386 400 415 515
339:0 36 37 56 175 209 250 330 341 349
341:0 34 38 232 246 282 300 349 376 415 453 498
345:0 72 105 112 174 203 243 321 378
347:0 28 103 174 229 440 453
349:0 54 95 109 114 225 243 300 321 362 445
351:0 50 133 248 322 381 385 466 499 506 513
352:0 50 105 146 252 293 417 602
353:0 50 109 193 194 228 286 310 425 466 578
355:0 114 185 194 262 286 288 399 466
357:0 13 21 29 73 174 235 267 331 348 349 363 437 640
358:0 50 95 105 174 248 273 322 500
359:0 38 174 185 195 212 224 226 372 382 386 389 506 579
361:0 50 117 191 205 311 313 415 419 506
363:0 90 174 187 205 214 254 255 256 281 346 392
366:0 34 48 109 112 203 287 300 330 362 392
369:0 130 133 189 214 222 330 341 346 362
370:0 48 150 300 346 362 392 445 453 494 505
371:0 37 56 82 111 203 239 349 407 424
387:0 34 37 38 74 133 254 255 256 321 328 469 484 593
390:0 24 66 68 116 227 252 274 299 501 602
393:0 48 56 97 117 175 189 281 297 300 392 458 658
396:0 28 31 38 119 193 197 211 228 279 297 310 355
399:0 38 98 111 130 154 203 205 214 300 316 346 431
403:0 24 36 98 129 313 336 400 422 423 424 587
406:0 42 75 79 170 178 191 320 326 363 437
408:0 18 21 23 37 38 43 174 242 359
410:0 29 34 38 68 90 103 116 174 184 350 469 470
417:0 39 44 111 175 205 260 266 268 313 516 560 594
418:0 3 29 154 163 189 210 226 270 316 382 392 401 415 487 541
420:0 75 111 205 230 267 311 312 320 321 361 363 505 592 593
422:0 54 68 90 124 133 151 174 243 254 255 256 262 281 362 376 499
425:0 34 50 95 114 194 262 311 499
427:0 175 186 227 252 298 300 313 322 327 383 415 458 509 602
431:0 28 39 44 98 175 313 358 372
433:0 50 95 105 174 248 273 322 500
434:0 38 43 114 123 184 228 242 310 386 481 579
438:0 29 106 111 120 174 203 205 328
439:0 95 102 109 204 248 252 271 298 358 361 417 471 633
440:0 68 118 203 217 312 363 426
441:0 48 97 101 211 214 227 314 417 561
442:0 50 108 171 194 286 288 425 445
443:0 34 37 38 184 225 232 239 328 341 431
446:0 18 38 68 120 122 174 204 228 363 584
447:0 44 97 136 170 197 238 242 266 299 309 327 410 418 509
449:0 18 34 174 214 254 255 256 279 303 328
451:0 18 28 41 97 103 109 163 185 228 342 400
453:0 29 68 96 223 238 252 265 358 364 367 382 410 418 501
455:0 21 73 75 78 79 320 345 476 491
456:0 60 62 97 109 150 175 186 204 321 362
458:0 21 56 114 133 150 239 243 300 346 469
459:0 23 38 54 73 74 130 331 345 363 419
495:0 137 212 228 230 239 243 345 363 445 593
498:0 34 37 174 214 222 281 389 484 659
501:0 103 197 362 372 376 383 400 403 533
504:0 103 175 193 228 279 331 372 671
506:0 28 122 189 203 204 228 281 336 422 423 424 665
509:0 6 185 204 227 281 313 383
511:0 310 320 321 331 345 417 437 586 604
513:0 83 214 310 321 394 417 584 586
515:0 56 300 310 321 392 417 586
517:0 49 112 129 174 214 226 290 361
519:0 95 211 234 273 381 400 516
522:0 24 28 36 38 99 103 203 351 364 382
524:0 36 174 199 222 317 469 475 484
527:0 48 204 260 313 355 375 445 485 500 607
529:0 66 130 229 306 319 431
531:0 133 186 214 227 273 281 361 381 516 564
532:0 4 68 179 183 193 197 203 265 395 469 602
535:0 54 214 287 300 426 607
540:0 13 97 103 170 226 293 318 382 403 593
543:0 36 41 42 191 390 431
546:0 227 251 262 313 320 321 363 415 445 599
548:0 117 203 204 227 230 275 320 361 363
550:0 61 97 99 129 250 279 330 341 362
551:0 38 68 116 212 228 251 382 422 424 431 658
554:0 36 116 172 203 214 227 281 326 359
556:0 73 191 320 331 452 593
557:0 68 174 191 203 328 400 469 603
559:0 68 133 185 197 252 349 491 501 602
561:0 211 246 248 355 375 500
562:0 50 171 203 262 286 313 377 390 417 562
564:0 21 34 88 117 175 250 385
566:0 44 211 415 457
568:0 28 114 120 174 191 205 300 350 475
570:0 68 197 262 326 383 389 399 445
572:0 39 175 189 203 214 313
574:0 212 243 357 399 445 505
577:0 101 109 151 286 290 310
580:0 16 119 211 300 314 362 381 382 453
582:0 181 286 363 420 475
585:0 29 97 214 226 313 316 320 363
587:0 204 226 310 321 351 355 403 594 660
588:0 30 68 103 185 224 228
590:0 34 74 77 78 111 203 205
592:0 54 105 109 132 151
594:0 54 203 243 287 321
595:0 40 42 50 185 228 293 431 440 656
597:0 73 191 331 431 491
605:0 50 100 112 310 322 384 385 417
607:0 51 114 151 203 445 471 499
610:0 13 68 106 116 179 203 400 406
613:0 214 227 281 372 400 419 579
616:0 38 170 189 191 203 226 227 228 364 390 470
618:0 174 209 214 281 310 382 513 587
619:0 203 226 233 265 364 382
621:0 137 185 228 232 306 342 389 422 424
624:0 29 212 228 279 389 427 501
626:0 23 29 130 133 189 341 431 538 584
629:0 184 211 212 313 355
631:0 34 35 174 185 214 228 321 389 400 584
632:0 103 185 203 226 422 431
633:0 103 310 372 399 422 423 424 457 458 584
636:0 81 106 193 203 234
650:0 111 174 187 191 205 501 602
653:0 95 273 633
656:0 170 293 300 346 390 516 602
659:0 111 191 205
661:0 366 501
664:0 77 78 476
667:0 83 281 394 494
669:0 293 383 445
672:0 111 205 208 593
674:0 382 480 501 511 658
676:0 102 287 445 526
677:0 112 274 281
679:0 194 319 425 469
682:0 50 273 287 417 445
684:0 187 281 383 605
686:0 194 260 293 385 471 493
688:0 321 346 415
690:0 114 151 390 579 607
692:0 152 203 453 494
694:0 97 137 293 588
696:0 174 305 349 397 422 423 424
698:0 112 114 243 435
701:0 97 226 300 364 382 494 501
702:0 363 587 671
704:0 68 151 174 203 342
707:0 168 199 415
708:0 286 288 516 602 607
710:0 50 174 194 516
712:0 54 105 112 243
714:0 366 415
722:0 109 114 174 226
725:0 34 242 252 279 417 658
728:0 133 195 204 392 583
731:0 119 413 561
734:0 279 422 423 424
736:0 106 203 341
739:0 133 469
741:0 219 365 445
741:1 219 365 366 445
741:2 219 365 366 445
741:3 219 365 366 445
742:0 226 516 572 601 605 660
744:0 37 306 389 422 424
746:0 54 250 330 346
747:0 114 254 255 256
749:0 34 38 222 370 426
751:0 62 254 255 471 605
753:0 311 312 437
755:0 73 74 77 78 133
757:0 28 252 584
759:0 25 203 395 469
761:0 204 320 364 367 579
764:0 133 203 381
765:0 326 633
766:0 69 98 233 364 501
767:0 106 191 232 453 469
769:0 133 174 194 246 254 255 256
771:0 180 203 321 516 607
775:0 47 204 273 579
776:0 83 279 457 469
777:0 41 175 179 217 227 252 273 321 586
778:0 171 174 194 288
779:0 99 305 423
780:0 13 54 407 542 579
782:0 68 179 225
