1:0 22 33 36 38 45 73 74 75 76 77 79 230 235 388 402
2:0 22 33 36 38 45 73 74 75 76 77 79 230 235 388 402
3:0 22 33 36 38 45 73 74 75 76 77 79 80 230 235 388 402 570
4:0 10 45 52 53 83 108 163 184 225 394 424 517
5:0 10 45 52 53 83 108 163 184 225 394 424 517
6:0 10 45 52 53 83 108 163 184 225 257 337 394 403 424 517
7:0 33 39 44 55 56 110 130 182 229 240 334 352 401 504
8:0 33 39 44 55 56 110 130 182 229 240 334 352 401 504
9:0 33 39 44 55 56 110 130 182 229 240 334 352 401 430 504
10:0 33 81 450
11:0 106
12:0 16 18 33 48 60 77 78 79 81 93 106 219 366 403 405 450 476 483
25:0 21 39 45 84 85 86 87 97 98 104 113 186 204 209 364 417 435 486 575 580
25:1 21 39 45 84 85 86 87 97 98 104 113 186 204 209 364 417 435 486 575 580
25:2 21 39 45 84 85 86 87 97 98 104 113 186 204 209 364 417 435 486 575 580
25:3 21 39 45 84 85 86 87 97 98 104 113 186 204 209 364 417 435 486 575 580
25:4 21 39 45 84 85 86 87 97 98 104 113 186 204 209 364 417 435 486 575 580
25:5 21 39 45 84 85 86 87 97 98 104 113 186 204 209 364 417 435 486 575 580
25:6 21 39 45 84 85 86 87 97 98 104 113 186 204 209 364 417 435 486 575 580
25:7 21 39 45 84 85 86 87 97 98 104 113 186 204 209 364 417 435 486 575 580
25:9 21 39 45 84 85 86 87 97 98 104 113 186 204 209 364 417 435 486 575 580
26:0 9 21 39 45 84 85 86 87 97 98 104 113 186 204 209 364 417 435 486 575 580
26:1 21 39 45 84 85 86 87 94 97 98 104 113 186 204 209 364 417 435 486 575 580
27:0 10 14 28 40 89 91 97 111 129 154 163 201 205 210 229 360 523
27:1 10 14 54 59 111 129 154 163 181 205 210 229 232 258 334 360 442
28:0 10 14 28 40 89 91 111 129 154 163 201 205 210 229 306 328 360 523
28:1 10 14 54 59 111 129 154 163 181 205 210 229 232 258 333 334 360 368 442 556
29:0 10 24 39 40 44 45 92 154 242 260 270 390 414
30:0 10 24 39 40 44 45 92 154 242 260 270 390 414
31:0 10 24 39 40 44 45 92 154 242 260 270 276 390 414
32:0 24 30 31 40 43 64 92 116 260 270 390 398 414
33:0 24 30 31 40 43 64 92 116 260 270 390 398 414
34:0 24 30 31 40 43 64 92 116 224 260 270 390 398 414
35:0 1 45 47 107 111 118 150 186 204 227 236 266 309 322 356 361 383 495 500 572 586 741
36:0 1 45 47 107 111 118 150 186 204 227 236 266 309 322 356 361 383 495 500 572 586 741
37:0 39 50 52 53 83 98 109 126 180 219 261 286 288 326 510 517
37:1 39 50 54 58 59 62 109 180 181 196 286 288 326 329 420 635
38:0 39 50 52 53 83 98 109 126 180 219 261 286 288 326 417 510 517
38:1 39 50 54 58 59 62 109 180 181 196 286 288 326 329 417 420 563 635
39:0 1 34 38 47 50 102 111 156 186 204 254 255 256 304 343 360 383 496 497 579 586
40:0 1 34 38 47 50 102 111 156 186 204 254 255 256 304 343 360 383 496 497 579 586
41:0 44 48 71 109 114 141 212 305 310 314 403 474 501
42:0 44 48 71 103 109 114 141 212 305 310 314 403 474 501
43:0 51 71 72 74 77 78 79 80 92 202 230 236 572 593
44:0 51 71 72 74 77 78 79 80 92 202 230 236 572 593
45:0 51 71 72 74 77 78 79 80 92 202 230 236 312 570 572 593
50:0 10 28 45 89 90 91 163 189 201 310 389 414 523
50:1 28 45 89 90 91 189 201 232 310 389 414 442 523
51:0 10 28 45 89 90 91 161 163 189 201 310 328 389 400 414 523
51:1 28 45 89 90 91 161 189 201 232 310 328 389 400 414 442 523
52:0 6 10 44 45 103 154 163 252 269 364 372 417 579
52:1 6 10 44 45 103 154 252 269 364 372 400 417 579
52:2 6 10 37 45 103 154 163 207 232 252 269 319 468
53:0 6 10 44 45 103 154 163 252 269 364 372 408 415 417 579
53:1 6 10 44 45 103 154 252 269 364 372 400 408 415 417 511 579
54:0 10 39 50 55 56 93 103 133 154 244 352 401 428 472 487
55:0 10 39 50 55 56 93 103 133 154 244 352 401 428 453 472 487
58:0 36 43 44 46 52 53 97 172 179 242 270 336 394 424 514 579
59:0 36 43 44 46 52 53 97 172 179 242 245 270 336 394 424 514 579 659
60:0 1 34 38 55 56 61 95 187 240 341 414
61:0 1 34 38 55 56 61 95 187 240 341 414
62:0 1 34 38 55 56 61 66 95 170 187 223 240 341 414 509
63:0 100
64:0 50 60 93 94 100 105 115 134 248 272 347 427 473 502
65:0 50 60 93 94 100 105 115 134 248 272 347 427 473 502
66:0 38 43 67 69 70 116 184 223 233 238 279 282 339 490 530
67:0 38 43 67 69 70 116 184 223 233 238 279 282 339 490 530
68:0 38 43 67 69 70 116 184 223 233 238 279 282 339 469 490 530
72:0 35 40 48 51 55 56 57 61 103 151 352 398 482 506
73:0 35 40 48 51 55 56 57 61 103 151 352 398 482 506 513
77:0 23 33 36 39 45 52 83 97 126 172 394 488 517
77:1 23 33 36 39 45 60 93 94 97 361 505 563 565
78:0 23 33 36 39 45 52 83 97 98 126 172 224 394 398 488 517 661
78:1 23 33 36 39 45 60 93 94 97 98 224 361 427 505 563 565
79:0 29 33 45 50 55 57 93 94 133 174 240 244 281 303 352 428 505
79:1 29 33 45 50 51 57 93 94 133 174 240 244 281 303 352 428 505
80:0 29 33 45 50 55 57 93 94 110 133 174 240 244 281 303 352 428 505
80:1 29 33 45 50 51 57 93 94 110 133 174 240 244 281 303 352 428 505 751
81:0 33 48 84 86 103 113 192 199 209 319 360 393 430 435 486
82:0 33 48 84 86 103 113 161 192 199 209 319 360 393 430 435 486 588
83:0 14 15 28 43 64 97 163 206 210 282 314 332 348 403 413
83:1 14 21 28 43 64 197 210 249 280 282 348 413 432 515 664
90:0 33 43 48 55 56 58 62 110 182 250 334 420 504 534
91:0 33 43 48 55 56 58 62 110 182 191 250 333 334 390 420 504 534 556
92:0 95 101 109 122 138 174 180 194 212 247 371 389 399 506
93:0 95 101 109 122 138 174 180 194 212 247 325 371 389 399 506
94:0 95 101 109 122 138 174 180 194 195 212 247 325 371 389 399 506 513
95:0 20 21 33 38 88 91 103 106 157 174 201 225 231 328 397 444 446 479
98:0 12 14 21 23 43 55 61 106 152 175 182 232 341 534
99:0 12 14 21 23 43 55 61 106 152 175 182 232 341 359 469 534
102:0 71 72 73 76 93 95 115 202 235 253 326 331 388
103:0 23 71 72 73 76 93 95 115 202 235 253 326 331 388 402 437 452 473
103:1 71 72 73 76 93 95 115 202 235 253 326 331 388 402 437 452 473 640
104:0 29 37 38 39 45 116 155 189 198 206 283 374 514 666
105:0 29 37 38 39 45 116 155 189 198 206 283 374 514 666
105:1 29 37 38 39 45 83 116 155 172 189 198 206 261 283 374 394 506 514 666 667
106:0 24 25 33 67 116 136 170 179 203 252 270 279 280 299 364 370 469 490
107:0 5 7 8 9 33 68 97 116 183 197 252 264 270 279 364 370 409 410 418 501 602
108:0 21 23 35 48 50 103 111 122 187 205 282 438
109:0 33 92 108 114 120 123 124 139 153 188 194 262 372 499 584
110:0 33 92 108 114 120 123 124 139 153 188 194 257 262 372 458 499 584
110:1 33 92 108 114 120 123 124 139 153 188 194 257 262 312 372 432 458 499 565 583 584 599 740
111:0 23 30 32 33 36 39 89 184 224 350 444 479 523 529
112:0 23 30 32 33 36 39 89 184 224 350 359 444 479 523 529
113:0 1 36 38 39 47 107 111 113 135 186 204 270 343 361 374 383 387 497 505 586 741
114:0 20 21 22 71 72 74 77 78 79 202 246 275 282 321 438 593
115:0 1 23 29 39 44 45 116 179 200 203 242 252 387 389 458
116:0 43 55 56 61 97 108 116 225 239 240 349 406 636
117:0 43 55 56 61 97 108 116 225 239 240 349 406 636
118:0 30 32 39 48 64 97 127 175 224 352 392 487
119:0 30 32 39 48 64 97 127 175 224 352 392 487
120:0 33 55 56 57 60 94 105 106 107 109 113 129 229 322 362 408
121:0 33 55 56 57 60 94 105 106 107 109 113 129 229 322 362 408
122:1 1 24 60 93 94 95 102 113 115 182 196 219 226 227 229 243 272 278 298 383 389 420 502 563 568 599
123:0 14 17 43 97 98 104 116 163 206 210 403 404 458 636
124:0 1 8 47 59 93 94 122 142 181 186 195 212 313 343 383
125:0 9 43 67 84 85 86 87 98 103 113 129 268 351 416 435
126:0 7 43 52 53 63 67 108 109 123 126 172 184 241 436 499
127:0 11 12 14 20 66 69 70 106 116 233 276 404 450 458 480
128:0 30 33 36 37 38 39 156 184 207 371 372 416 428 526
129:0 33 150 175
130:0 33 37 43 44 56 63 127 150 175 184 239 240 242 250 349 362 401 423 542
131:0 34 45 47 54 55 56 58 109 195 240 329 352 362 420 741
132:0 144
133:0 28 33 36 38 39 44 45 98 129 204 226 270 343 383 387 560
134:0 28 33 36 38 39 44 45 55 56 62 98 114 129 151 204 226 270 330 343 352 383 387 392 560
135:0 24 28 33 36 38 39 42 44 45 84 86 87 97 98 129 204 226 270 343 383 387 422 435 560
136:0 28 33 36 38 39 44 45 52 83 98 123 129 184 204 226 270 343 383 387 394 424 436 560
137:0 33 60 84 97 105 160 161 176 192 199 277 278 393 435
138:0 20 28 43 55 56 57 110 182 205 246 341 350 362 504
139:0 20 28 43 55 56 57 110 182 205 242 246 341 350 362 504
140:0 10 28 43 71 106 141 182 246 319 341 362 444 453 668
141:0 10 28 43 71 106 141 163 182 246 319 341 362 364 400 444 453 668
142:0 17 36 44 46 48 63 97 157 184 242 246 416 442 444
143:0 33 34 44 103 111 118 122 133 156 173 175 187 214 242 254 256 278 281 335 343 359 374 387 416 484 584 624
144:0 16 54 58 59 97 115 170 181 246 258 329 355 366 420 542 568
144:1 16 93 95 97 105 115 138 170 246 248 366 375 427 433 542 771
145:0 64 65 84 86 87 97 113 192 197 240 246 268 355 365 435 597
145:1 64 65 68 97 113 116 179 197 246 249 280 339 365 370 501 773
146:0 16 17 43 52 97 143 203 219 241 246 257 355 403 510 542 659
146:1 16 17 43 97 143 203 219 246 262 371 389 403 417 495 542 772
147:0 21 35 43 63 86 97 200 219 239 240 349 401 407 525
148:0 21 35 43 63 86 97 200 219 239 240 349 401 407 525
149:0 7 9 17 21 35 43 63 86 97 200 219 239 240 245 349 355 401 407 525 542
150:0 50 54 93 94 105 129 133 219 246 248 384 385 396 427 540 636 741
151:0 1 94 118 133 144 226 246 286 396 417 513 741
163:0 33 36 45 64 93 95 115 138 253 326 355 375 403 497 572
164:0 33 36 45 64 93 95 115 138 143 253 326 355 375 403 497 572
169:0 44 48 71 92 103 109 114 141 212 305 310 314 366 403 440 474 501
170:0 36 48 55 56 61 86 109 175 209 268 392 435 486
171:0 36 48 55 56 61 86 109 175 209 254 255 256 268 392 435 486 587
172:0 39 84 186 204 417 575 580
173:0 1 47 150 186 204 227 383 586
174:0 1 47 50 111 186 204 383 586
175:0 1 38 45 118 186 204 219 226 246 266 273 281 387 495 741
176:0 1 38 45 118 186 204 219 226 246 266 273 281 387 495 565 741
177:0 43 64 94 100 101 109 248 273 375 384 385 500
178:0 43 64 94 100 101 109 248 273 366 375 384 385 403 500
182:0 51 71 72 74 77 78 79 80 92 202 230 236 483 570 572 593
183:0 21 33 38 39 55 56 61 111 204 205 240 270 276 340 392 401 579
184:0 21 33 38 39 55 56 61 111 204 205 240 270 276 340 392 401 579
185:0 21 38 67 68 88 102 157 175 313 317 335 359 383 389 444 452 457 671
186:0 1 34 38 55 56 61 95 187 195 207 240 304 340 341 414
194:0 21 39 54 55 89 92 114 133 240 281 330 341 401
195:0 21 39 54 55 89 92 114 133 240 281 330 341 401
196:0 28 33 36 38 39 44 45 60 93 94 98 129 204 226 234 244 248 270 343 383 384 387 560
197:0 28 33 36 38 39 44 45 98 103 109 129 204 212 226 236 270 343 372 383 385 387 399 555 560
199:0 29 33 45 50 55 57 93 94 133 174 207 240 244 281 303 352 408 417 428 505
199:1 29 33 45 50 51 57 93 94 133 174 207 240 244 281 303 352 408 417 428 505 776
202:0 68 133 150 194 204 219 227 243
206:0 34 36 38 103 111 137 175 189 205 246 281 283 355 407 489 529
208:0 20 21 33 38 88 91 103 106 157 174 201 225 231 242 328 393 397 422 423 424 444 446 475 479
211:0 33 36 40 42 55 92 106 107 191 194 254 255 279 362 367 390 398 401 591
212:0 14 17 43 97 98 104 116 163 206 210 232 334 403 404 418 442 458 636
213:0 35 88 110 156 157 205 219 379 380 444 450 470 471 504 522 605
214:0 14 30 31 33 37 42 43 68 203 224 280 332 370 634
215:0 10 43 97 98 103 154 163 196 232 251 269 468
220:0 33 36 54 59 89 133 175 181 189 196 203 420
221:0 33 36 37 54 59 89 133 175 181 189 196 203 246 420 423
222:0 33 55 61 105 106 175 203 243 246 392 408 414 741
222:1 33 50 101 106 174 180 243 246 288 310 408 506 650
223:0 55 56 58 60 61 62 63 116 199 270 331 352 487
224:0 35 55 56 58 60 61 62 63 116 190 199 270 331 350 352 441 487
225:0 65 217
226:0 17 29 33 36 48 55 56 60 61 97 331 340 352 355 392 403 469
227:0 17 28 31 43 64 65 97 163 191 211 232 319 334 413 475
230:0 43 55 56 61 97 108 116 225 239 240 250 281 349 406 636
233:0 33 60 63 84 97 105 111 160 161 176 192 199 277 278 393 435
236:0 33 116 252 270
237:0 33 68 91 97 98 116 167 197 229 252 270 279 283 360 364 370 389 469 501
238:0 1 8 47 59 93 94 122 181 186 195 212 313 343 383
239:0 9 43 67 84 85 86 87 98 103 113 129 268 351 435
240:0 7 43 52 53 67 108 109 123 126 172 184 241 436 499
241:0 23 29 33 34 45 111 204 205 208 215 428 579 624
242:0 1 36 38 39 47 107 111 113 135 186 204 270 343 361 374 383 387 497 505 586 741
243:0 43 44 46 84 87 98 115 192 209 240 242 245 268 326 336 347 422 435
244:0 23 43 44 46 52 108 126 172 184 207 221 241 242 245 284 326 347 424 436
245:0 16 43 44 46 54 55 56 57 59 240 242 243 245 326 329 347 352 366 423
246:0 33 37 43 44 63 88 89 103 157 184 201 242 371 399 444 666
247:0 33 37 43 44 63 88 89 103 157 184 201 242 334 371 399 444 666
248:0 33 37 43 44 63 88 89 103 157 184 201 242 334 371 399 416 422 423 424 444 666
249:0 16 18 54 56 105 143 177 219 240 246 248 311 326 347 407
250:0 16 18 105 126 143 219 221 241 246 248 311 326 347 659 741
251:0 73 93 105 195 215 226 246 248 345 361 437 741
252:0 1 21 43 72 98 103 104 197 202 283 372 412 437 501 625
253:0 1 21 43 72 98 103 104 197 202 206 210 283 348 372 404 412 437 501 625
254:0 1 21 43 72 98 103 104 197 202 206 210 283 348 372 404 412 437 501 530 625
255:0 10 28 45 52 53 98 116 163 179 197 297 332 340 394 488
256:0 10 24 28 45 52 53 98 116 163 179 197 297 299 332 339 340 394 488
257:0 7 10 24 28 45 52 53 98 116 163 179 197 297 299 332 339 340 394 413 488
258:0 33 36 45 48 55 56 57 88 103 133 157 182 249 283 352
259:0 33 36 45 48 55 56 57 88 89 103 133 157 182 249 283 330 341 352
260:0 33 36 45 48 55 56 57 88 89 103 133 157 182 249 283 330 341 352 359
263:0 28 29 33 36 38 39 42 45 156 175 187 343 374 560
263:1 28 29 33 36 38 42 43 68 122 156 184 269 555 560
264:0 28 29 33 36 38 39 42 45 154 156 163 175 187 343 374 415 468 560
264:1 28 29 33 36 38 42 43 68 122 154 156 184 269 400 415 468 555 560
270:0 45 54 55 61 71 72 175 202 240 267 310 412 428
271:0 45 54 55 56 61 71 72 154 175 202 240 252 267 282 298 310 412 428
272:0 45 54 55 56 61 71 72 154 175 202 240 252 267 282 298 310 412 428
273:0 33 71 72 74 106 153 205 235 241 267 310 371 389
274:0 33 71 72 74 75 106 153 205 207 235 241 252 259 267 310 314 326 348 371 389
275:0 18 33 71 72 74 75 106 153 205 207 235 241 252 259 267 310 314 326 348 371 389 536 542
278:0 17 45 48 54 55 97 98 352 355 403 542
279:0 17 45 48 54 55 56 97 98 182 254 255 256 352 355 366 374 403 487 542
280:0 45 60 93 94 95 100 104 138 204 248 347 505 564 586 741
281:0 45 60 93 94 95 100 104 138 204 248 347 505 564 586 741
282:0 45 60 93 94 95 100 104 138 204 248 273 347 361 505 563 564 572 586 599 741
290:0 10 28 71 91 106 154 170 189 206 232
291:0 10 14 28 71 91 97 103 104 106 154 163 170 189 206 210 226 232 332 404 450
292:0 10 28 71 91 106 109 154 170 180 189 206 232 247 288 421 425 578
293:0 1 23 46 48 103 156 214 253 304 310 336 497
294:0 1 23 44 46 48 103 156 214 253 304 310 336 497
295:0 1 23 44 46 48 63 103 156 214 242 253 304 310 336 422 423 424 497 561
298:0 21 39 55 61 150 204 270 340
302:0 10 43 50 101 109 154 197 212 247 252 282 310 408 421 425 428 492 511
303:0 44 45 226 230 242 254 255 256 269 310 313 334 389 442 565 579
304:0 29 33 36 38 46 106 157 182 231 232 317 319 334 368 442 475 484
305:0 29 33 36 38 46 106 157 182 231 232 317 319 334 368 442 475 484
306:0 29 33 36 38 46 106 157 182 231 232 317 319 334 368 442 475 484
309:0 33 43 44 46 86 87 98 268 336 351 422 435 528
310:0 33 43 44 46 86 87 98 268 336 351 422 424 435 528 588
315:0 40 71 72 73 74 78 80 92 202 230 235 275 312 345 388 390 570
318:0 36 43 44 97 103 116 184 207 242 305 423 453 668
319:0 36 43 44 97 103 116 163 184 207 242 305 400 423 453 668
320:0 34 45 54 55 56 133 150 156 250 291 310 323 340 352 362 484
321:0 34 45 54 55 56 133 150 156 250 291 310 323 340 352 362 484 487 574
324:0 34 52 53 108 110 123 133 172 174 182 229 257 284 334 436 499 504 517
328:0 28 44 89 90 91 189 201 242 276 310 328 414 523 636
329:0 28 44 48 89 90 91 103 189 201 225 242 253 276 310 328 405 407 414 523 525 561 636
330:0 28 44 48 89 90 91 103 189 201 225 242 253 276 310 328 337 349 364 405 407 414 523 525 561 636
333:0 31 36 45 47 54 64 195 219 225 496 538 572 586
334:0 31 36 45 47 54 64 143 195 219 225 365 406 496 538 572 586
337:0 33 88 93 94 95 106 153 157 236 248 322 397 444 473 478 572
338:0 33 76 88 93 94 95 106 153 157 234 322 394 397 428 444 472
339:0 55 89 90 133 156 173 189 248 330 352 401
340:0 37 55 89 90 133 156 173 189 248 321 330 352 401 428 584
341:0 12 14 43 55 61 106 152 182 242 269 282 283 400 458 534
342:0 12 14 43 55 61 106 129 152 182 242 269 282 283 400 458 534
343:0 60 93 106 120 153 189 201 229 246 286 317 322 326 379 414 470 471
344:0 60 63 93 100 106 120 153 189 201 229 246 286 317 322 326 379 414 470 471
345:0 35 51 72 109 133 202 246 254 255 256 275 310 362 380 412
346:0 35 51 72 73 109 133 202 246 254 255 256 275 310 362 380 412
347:0 55 106 163 182 210 232 246 306 350 362 404 450 479
348:0 55 106 163 182 210 232 246 306 350 362 404 450 479
349:0 33 150 175
350:0 33 35 55 56 57 105 150 175 213 219 239 240 352 392 401 489 525 586 741
355:0 43 50 101 109 174 212 247 248 261 310 371 425 506
356:0 7 8 9 20 43 50 101 109 174 212 247 248 261 310 325 356 371 425 506
359:0 14 43 98 104 116 163 195 197 248 269 282 389 400
360:0 68 133 150 194 204 219 227 243
361:0 29 43 44 59 104 181 182 196 242 258 310 420 423 524
362:0 29 43 44 59 104 181 182 196 242 258 310 329 420 423 524 568
363:0 34 45 55 57 59 62 111 156 173 181 205 227 258 329 362
364:0 34 45 55 57 59 62 111 156 173 181 205 207 227 258 329 362
365:0 34 45 55 57 59 62 111 156 173 181 205 207 227 242 258 329 362 423
369:0 33 36 38 55 56 106 156 175 246 281 291 401 457
371:0 29 38 43 44 52 53 116 184 200 225 242 337 428
372:0 29 38 43 44 52 53 116 182 184 200 225 242 337 428
373:0 19 29 38 43 44 52 53 116 182 184 200 225 242 337 428 525
374:0 33
375:0 33 36 63 93 94 97 184 232 309 334 393 418 428 430
376:0 33 36 63 93 94 97 184 232 309 334 359 393 418 428 430
377:0 23 63 88 153 157 174 192 199 246 276 334 359 444 451 523
378:0 23 58 59 63 133 153 174 192 196 199 246 276 359 451 523
379:0 23 63 133 153 174 192 199 232 246 276 334 359 430 442 451 484 523
380:0 93 94 105 204 225 270 273 296 361 366 375 406 428 470 500 505 513
381:0 93 94 105 225 262 270 295 349 366 375 406 428 471 493 500 502 505
382:0 34 38 56 58 184 246 323 329 330 347 352 392 401 618
383:0 76 89 90 126 156 184 246 284 339 341 359 414 436 619
384:0 19 63 156 184 200 239 242 245 246 304 349 403 406 542 620
385:0 38 93 94 129 156 248 270 273 309 322 353 356 361 387 428 741
403:0 33 43 44 46 84 86 184 207 209 242 268 435 521 528
404:0 33 43 44 46 84 86 184 207 209 242 268 435 521 528
405:0 33 43 44 46 84 86 184 207 209 242 268 435 521 528 588
406:0 71 74 78 388
407:0 40 71 72 73 74 78 80 92 202 230 235 275 312 345 388 390 570 593 607
415:0 16 230 450 522
416:0 16 40 92 109 154 163 194 207 210 230 312 403 408 450 454 455 522 583 591
420:0 33 36 73 74 76 234 270 345 388 570 625
421:0 33 36 73 74 76 80 234 241 270 345 388 570 592 625
421:1 33 36 73 74 76 80 234 241 270 345 388 570 592 625
422:0 34 55 105 106 189 240 246 262 330 352 414
422:1 34 55 105 106 189 240 246 262 330 352 414
423:0 34 55 105 106 189 240 246 262 330 352 414
423:1 34 55 105 106 189 240 246 262 330 352 414
425:0 16 107 116 120 153 194 226 247 254 255 256 310 366 371 506
426:0 16 107 116 120 153 194 226 247 254 255 256 310 366 371 506 578 650
427:0 1 24 29 97 98 111 150 204 226 260 340 361 494 495 560
428:0 1 24 29 97 98 111 136 150 204 226 243 260 277 340 361 494 495 560
434:0 10 44 92 103 108 116 139 153 154 262 364 389 400 474 491 584 607
435:0 10 44 53 92 103 108 116 139 153 154 262 364 389 400 474 491 584 607
436:0 33 93 95 109 219 248 286 319 326 334 360 371 484
437:0 33 93 95 109 219 240 241 248 286 311 319 326 334 335 360 371 484
438:0 38 67 68 88 102 157 175 313 317 335 383 389 671
439:0 1 60 93 94 102 113 115 182 219 226 227 272 278 298 383 389 563
440:0 1 107 111 186 204 343 383 586
442:0 95 101 109 138 174 180 247 262 371 389 399 417 425 506
443:0 28 33 36 44 91 163 201 225 328 337 407 523
444:0 28 33 36 44 91 163 201 225 328 337 407 523 530
445:0 28 33 36 44 91 163 201 225 242 328 337 407 523 530
446:0 33 34 44 103 111 118 122 133 175 187 254 256 278 343 374 387
447:0 14 68 98 103 179 203 232 249 270 364 383 395 417 501 515 526
448:0 14 68 98 103 179 197 198 232 245 249 270 309 319 347 364 370 383 395 396 406 417 501 505 515 526 602 636 741
449:0 28 33 36 38 44 46 89 90 91 156 201 242 281 303 328
450:0 28 33 36 38 44 46 89 90 91 156 201 242 281 303 328 422 423 424
451:0 40 42 43 44 92 184 242 282 305 367 390 400 404 440 450 468 474 591
452:0 40 42 43 44 92 184 242 282 305 367 390 400 404 422 423 424 440 450 468 474 591
453:0 40 92 188 189 207 260 269 279 310 389 398 417 474 584
454:0 40 92 188 189 207 260 269 279 310 389 398 417 474 584
458:0 17 29 33 36 48 55 56 61 97 340 352 392 403 469
459:0 43 54 59 75 181 196 207 275 329 420 452 625
460:0 8 43 54 59 75 181 196 207 275 329 420 452 625 635
461:0 10 43 97 98 103 154 163 196 232 251 269 279 372 374 399 400 417 420 468
462:0 33 48 84 86 103 113 161 192 199 209 243 319 360 393 430 435 486 588 597
463:0 21 23 35 48 50 103 111 122 187 205 282 438
464:0 23 30 32 33 36 39 89 184 224 350 359 439 444 479 523 529
465:0 20 21 22 71 72 74 77 78 79 202 246 275 282 321 335 438 593
466:0 9 43 67 84 85 86 87 98 103 113 129 268 351 416 435
467:0 7 43 52 53 63 67 108 109 123 126 172 184 241 436 499
468:0 1 38 45 118 143 161 186 204 219 226 245 246 266 273 281 387 396 403 495 565 741
470:0 14 28 33 36 38 39 44 45 73 75 98 129 202 204 226 235 241 270 343 345 348 383 387 560
471:0 28 33 36 38 39 44 45 59 98 129 196 204 226 243 258 270 343 383 387 420 423 560 568
473:0 33 36 37 54 59 89 133 175 181 189 196 203 246 420 423 458
474:0 33 60 63 84 97 105 111 160 161 176 192 199 277 278 393 417 433 435
475:0 14 43 45 60 93 94 95 100 104 138 163 182 204 206 210 248 270 286 332 347 364 370 400 427 469 501 505 564 586 741
477:0 7 8 9 20 43 50 101 109 174 194 212 247 248 261 310 325 356 371 425 506
478:0 29 43 44 59 104 109 181 182 194 196 242 247 258 261 310 420 423 506 524 564 635
479:0 84 86 104 109 164 253 268 271 310 351 435 486 506
479:1 84 86 104 109 164 253 268 271 310 351 435 486 506
479:2 84 86 104 109 164 253 268 271 310 351 435 486 506
479:3 84 86 104 109 164 253 268 271 310 351 435 486 506
479:4 84 86 104 109 164 253 268 271 310 351 435 486 506
479:5 84 86 104 109 164 253 268 271 310 351 435 486 506
480:0 60 93 94 129 133 156 175 203 248 262 281 286 326
481:0 60 93 94 129 156 182 204 248 260 286 326 361 383
482:0 60 93 94 129 153 156 197 248 253 286 326 387 417
483:0 163 184 225 231 232 246 337 368 396 408 414 430 459
484:0 56 163 184 225 246 337 352 392 396 401 408 414 460
485:0 43 83 184 232 242 246 257 319 414 424 436 442 444 463
486:0 1 5 23 109 182 279 282 359 371 416 428 462 469 484 726
487:0 163 184 194 220 225 246 337 396 414 421 425 432 467 506
487:1 163 184 194 220 225 246 337 396 414 421 425 432 467 506
488:0 54 60 62 93 94 104 163 219 236 248 375 427 461 572
494:0 29 38 93 98 116 179 203 315 394 428 488 500 510 515 517 526 545 557
506:0 33 36 43 44 46 179 242 270 387 416 514 526 560 579
507:0 33 36 43 44 46 179 242 270 387 416 514 526 560 579
508:0 33 36 43 44 46 179 242 270 387 416 422 423 424 514 526 560 579
509:0 10 28 45 154 252 259 372 389 400 417 468 579
510:0 10 28 45 154 252 259 372 389 400 417 468 579
517:0 60 94 95 111 138 236 248 277 281 286 347 428 472 500 572
518:0 60 94 95 111 138 236 248 277 281 286 347 428 472 500 572 633
519:0 16 43 45 98 143 197 207 269 297 314 355 366 403
520:0 16 43 45 98 143 197 207 269 297 314 355 366 403
521:0 16 43 45 98 143 197 207 269 297 314 355 366 403
524:0 28 29 33 106 153 157 189 201 334 350 444 446 479
525:0 28 29 33 106 153 157 189 201 334 350 408 444 446 479
526:0 28 29 33 106 153 157 189 201 334 350 408 444 446 479
527:0 16 93 94 133 213 248 283 286 314 347 372 403 493
528:0 16 93 94 133 213 248 283 286 314 347 372 403 493
529:0 10 14 89 90 91 154 157 189 201 229 232 306 468 529
530:0 10 14 32 89 90 91 154 157 189 201 229 232 306 468 529
531:0 1 36 38 45 270 304 387 428 493 494 495 505 560 580 586 599 741
532:0 1 21 43 67 88 116 157 184 223 264 276 339 359 444
533:0 1 21 43 67 88 116 157 184 223 264 276 339 359 444
534:0 1 21 43 67 88 116 157 184 223 264 276 339 359 444
535:0 45 48 51 56 61 175 240 253 304 330 341 392 496 497
536:0 45 48 51 56 61 175 240 253 304 330 341 392 496 497
537:0 45 48 51 56 61 175 240 253 304 330 341 380 392 409 496 497
538:0 20 43 69 116 179 203 233 276 279 339 469 480 509
539:0 24 43 68 116 179 203 249 280 339 370 490 501 514
543:0 36 38 40 92 97 103 111 182 205 342 450 474 607
544:0 36 38 40 92 97 103 111 182 205 334 342 450 474 607
545:0 36 38 40 92 97 103 111 182 205 224 226 334 342 450 474 607
546:0 71 72 73 74 75 76 77 78 178 202 204 241 270 283 412 538 565
547:0 16 71 72 73 74 75 76 77 78 178 202 204 241 262 270 283 366 412 538 542 565 572
548:0 71 72 73 74 78 79 202 235 241 270 312 345 412 437 494 495
549:0 71 72 73 74 78 79 80 202 235 241 270 298 312 345 412 437 483 494 495 570
550:0 29 33 36 37 38 39 44 55 175 184 242 401 453 457 487 515
550:1 29 33 36 37 38 39 44 55 175 184 242 401 453 457 487 515
551:0 28 37 43 44 89 91 184 201 207 242 259 328 468 492 658
552:0 28 37 43 44 89 91 184 201 207 242 259 328 468 492 658
553:0 28 37 43 44 89 91 184 200 201 207 242 259 328 468 492 658
554:0 7 29 33 37 44 52 187 253 269 276 394 424 510 526
554:1 8 29 33 37 44 59 181 187 253 269 276 419 423 526
555:0 7 29 33 37 44 52 187 253 269 276 359 394 424 510 526
555:1 7 29 33 37 44 52 187 253 269 276 359 394 424 510 526
555:2 8 29 33 37 44 59 181 187 253 269 276 419 423 526 556
555:3 8 29 33 37 44 59 181 187 253 269 276 419 423 526 556
556:0 42 64 71 72 73 74 76 80 178 202 230 235 241 275 367 389 495 538 570 604
557:0 28 110 157 163 175 210 350 397 404 439 446 450 479 504
558:0 28 110 157 163 175 210 350 397 404 439 446 450 479 504
559:0 28 29 43 67 136 182 184 207 242 251 263 264 280 371 457
560:0 28 29 43 67 136 182 184 207 242 251 263 264 280 371 457
561:0 16 18 60 93 94 95 113 115 143 285 314 322 356 366 403
562:0 50 101 114 174 182 194 212 247 261 288 310 399 470 471 506 562
562:1 21 50 89 101 114 174 182 194 212 247 310 470 471 506 562 664
563:0 50 101 114 174 182 184 194 212 247 261 288 310 399 421 470 471 506 562
564:0 44 55 56 110 157 174 182 240 242 246 334 362 401 453 469 479 504
565:0 44 55 56 110 157 174 182 240 242 246 334 362 401 453 469 479 504
566:0 17 37 43 88 97 98 157 184 225 242 246 283 337 365 366 369 501
567:0 17 37 43 88 97 98 157 184 225 242 246 283 337 365 366 369 501
568:0 1 36 92 124 133 139 153 188 220 254 256 278 390 441 491 499 584
569:0 1 34 36 92 124 133 139 153 188 220 232 254 256 278 390 441 491 499 584
570:0 10 43 97 154 184 259 269 282 286 313 417 468 492 539
571:0 10 43 97 154 184 259 269 282 286 313 369 400 417 468 492 539
572:0 1 21 47 129 204 227 270 304 321 387 495 497 541 560
573:0 1 21 47 129 204 227 270 304 321 331 350 387 495 497 541 560
574:0 1 60 93 94 95 204 244 248 260 313 321 473 478 580
575:0 1 60 93 94 95 204 244 248 260 313 321 473 478 580
576:0 1 60 93 94 95 204 244 248 260 313 321 473 478 580
577:0 60 93 94 105 113 115 182 204 220 248 283 285 472 473 502
578:0 60 93 94 105 113 115 182 204 220 248 283 285 472 473 502
579:0 60 93 94 105 113 115 182 204 220 248 283 285 359 472 473 502
582:0 54 58 59 106 151 196 243 253 258 269 310 329 333 419
583:0 54 58 59 106 151 196 243 253 258 269 310 329 333 419
584:0 54 58 59 106 151 196 243 253 258 269 310 311 329 333 419 556 568
587:0 39 84 97 98 104 113 209 227 268 435 512 521 575
588:0 14 29 36 38 43 64 175 184 203 206 210 404 405 491
589:0 14 29 36 38 43 64 175 179 184 203 206 210 334 368 404 405 416 442 491 501 591
590:0 71 72 74 76 78 92 147 202 230 235 275 310 476 499
591:0 71 72 74 76 78 92 147 202 230 235 275 310 476 499
592:0 40 55 56 71 101 105 194 240 247 250 323 352 362 506
593:0 40 55 56 71 101 105 151 194 240 247 250 323 352 362 506
595:0 71 81 86 97 103 163 210 380 389 405 435 450 486 527
596:0 71 81 86 97 103 163 210 380 389 405 435 450 486 527 605
597:0 33 42 106 120 153 174 232 275 334 360 430 442
598:0 33 42 106 120 153 174 232 275 334 360 430 438 442
599:0 11 20 63 84 103 192 199 268 319 435 451 475 508 544
600:0 11 20 63 84 103 192 199 268 319 435 451 475 508 544
601:0 11 20 63 84 103 192 199 268 319 435 451 475 508 544 588 597 653
605:0 29 45 60 93 94 100 105 286 347 428 470 471 472
606:0 29 45 60 93 94 100 105 286 347 428 470 471 472 633
607:0 52 83 101 107 109 123 174 220 247 261 262 286 310 315 506 517
608:0 52 83 101 107 109 123 174 220 247 261 262 286 310 315 506 517
609:0 52 83 101 107 109 123 174 220 247 261 262 286 310 315 506 517
610:0 10 12 14 43 44 163 184 200 206 242 269 337 349 372 406 416 530 636
611:0 10 12 14 43 44 163 184 200 206 242 269 337 349 372 406 416 530 636
612:0 10 12 14 43 44 163 184 200 206 242 269 337 349 372 406 416 530 636
613:0 37 45 59 154 156 163 175 181 196 203 204 258 329 362 524 580
614:0 37 45 59 154 156 163 175 181 196 203 204 207 258 276 329 362 453 524 556 580
615:0 20 54 58 62 76 105 109 113 114 115 151 163 196 229 246 329 400 420 568 636
616:0 34 51 71 72 105 151 174 182 202 281 385 405 515 522
617:0 34 51 71 72 92 97 98 104 105 129 151 174 202 281 369 384 385 405 491 515 522 582
618:0 33 55 84 90 175 189 203 268 279 330 340 341 389 435 588
618:1 33 55 90 175 189 203 232 279 319 330 334 340 341 389 729
619:0 1 136 154 179 197 252 340 347 369 395 396 409 468 501
620:0 1 136 154 179 197 252 340 347 369 395 396 409 468 469 501
621:0 10 43 44 163 184 200 232 242 276 337 442 468 525
622:0 1 5 89 101 111 174 189 223 247 310 325 334 359 484 578 666
623:0 1 5 89 101 111 174 189 223 247 264 310 325 334 359 484 578 624 666
624:0 10 12 14 43 163 184 210 232 259 319 334 372 400 442 636
625:0 10 12 14 43 163 184 210 232 259 319 334 368 372 400 442 636
626:0 14 30 31 33 43 116 179 184 224 279 416 543 634
627:0 17 18 37 43 64 163 184 306 332 366 403 413 432 468
628:0 17 18 37 43 64 143 163 184 276 306 332 366 403 413 432 468
629:0 16 18 43 213 260 282 334 365 366 399 403 413 417 432
630:0 16 18 43 92 143 198 213 260 282 334 365 366 399 403 413 417 432
631:0 20 33 83 122 133 154 163 254 255 256 394 450 468 510 517 657
632:0 11 12 28 44 91 97 210 232 242 251 319 334 404 442 450 494
633:0 21 29 33 34 44 46 116 184 200 225 242 304 372 406 407 417 526
634:0 21 29 33 34 44 46 116 184 200 225 242 304 372 406 407 417 458 526
635:0 21 29 33 34 44 46 63 116 161 184 200 225 242 304 372 406 407 417 458 526
636:0 36 38 52 81 103 133 141 172 394 405 450 488 522
637:0 16 18 36 38 52 81 83 103 126 133 141 172 257 394 405 450 476 483 488 522 542 552
638:0 14 24 36 43 98 232 270 368 370 442 501 514 526 533
639:0 14 24 36 43 98 157 270 370 444 479 501 514 526 533
640:0 14 24 36 43 98 202 270 345 348 370 501 514 526 533
641:0 16 37 43 44 97 207 240 242 253 310 314 326 359 366 403 542
641:1 16 37 43 44 97 207 240 242 253 310 314 326 359 366 403 542
642:0 37 43 44 84 87 97 207 240 242 253 268 310 351 359 435 521
642:1 37 43 44 84 87 97 207 240 242 253 268 310 351 359 435 521
643:0 53 126 163 200 225 242 246 286 304 326 406 424 551 558 574
644:0 85 87 163 200 225 242 246 286 304 337 422 428 550 559 574
645:0 14 43 88 89 90 157 200 201 286 317 326 328 335 359 414 444 523
645:1 14 43 88 89 90 157 200 201 286 317 326 328 335 359 414 444 523
646:0 58 59 163 184 200 225 246 283 286 304 329 406 549 568 574
646:1 58 59 163 200 225 246 283 286 304 329 406 554 558 568 574
646:2 58 59 163 200 225 246 283 286 304 329 406 553 559 568 574
647:0 14 24 36 43 56 61 270 370 401 453 501 514 526 533 548
647:1 14 24 36 43 56 61 270 370 401 453 501 514 526 533 548
649:0 98 103 120 192 199 210 232 319 393 404 405 488 493 546 591
649:1 98 103 120 192 199 210 232 319 393 404 405 488 493 546 591
649:2 98 103 120 192 199 210 232 319 393 404 405 488 493 546 591
649:3 98 103 120 192 199 210 232 319 393 404 405 488 493 546 591
649:4 98 103 120 192 199 210 232 319 393 404 405 488 493 546 591
659:0 14 24 33 36 43 89 91 98 162 175 189 340 341 523 636
660:0 14 24 33 36 43 89 91 98 162 175 189 340 341 359 523 636
661:0 19 45 52 64 97 98 175 211 332 355 366 512
662:0 19 45 52 64 97 98 175 211 332 355 364 366 488 512
663:0 19 45 52 64 97 98 175 211 332 355 364 366 394 413 488 512
674:0 33 34 43 163 233 242 269 292 490 494 509 526 600
675:0 33 34 43 163 233 242 269 292 359 400 418 490 494 509 526 600
677:0 10 43 60 93 113 115 252 343 473 586
678:0 10 43 60 93 94 113 115 204 212 252 270 272 286 343 389 473 501 586 599
678:1 10 43 60 93 94 113 115 247 248 252 272 326 343 345 389 451 473 500 586
679:0 14 33 163 210 319 332 334 379 400 425 442 475 514 533
680:0 14 33 163 210 319 332 334 379 400 425 442 475 514 533
681:0 14 33 163 210 319 332 334 379 400 425 442 457 475 514 533 595
681:1 14 33 163 210 319 332 334 379 400 425 442 457 475 514 533 595
682:0 94 175 186 204 213 230 285 312 347 497 564 565 572 599
683:0 94 175 186 204 213 230 244 285 312 347 497 505 564 565 572 583 586 599
684:0 33 81 178 230 273 283 312 313 412 496 538 564 565 579 580
685:0 33 81 178 230 273 283 312 313 412 496 538 564 565 579 580 605
686:0 33 35 60 64 95 163 207 276 365 371 400 415 427 492 606
687:0 33 35 60 64 95 163 179 207 276 365 371 400 415 427 492 606
688:0 10 55 110 154 163 189 210 238 246 397 468 504 534
689:0 10 55 110 130 154 163 189 210 238 246 397 444 468 504 534
690:0 33 39 51 55 56 92 104 108 188 342 352 401 406
691:0 33 39 51 55 56 92 104 108 188 200 342 352 401 406
692:0 11 14 55 150 152 175 330 340 352 396 453 468 479
693:0 11 14 55 150 152 175 330 340 352 396 399 406 453 468 479 505
694:0 1 39 84 85 86 87 98 189 268 521 523 577 589
695:0 1 39 84 85 86 87 98 189 268 435 521 523 577 587 589
696:0 23 32 33 37 39 44 46 89 157 204 242 246 337 525
697:0 23 32 33 37 39 44 46 89 157 204 242 246 337 416 457 525
698:0 45 54 58 59 62 63 86 113 181 196 227 246 258 267 496 568
699:0 45 54 58 59 62 63 86 113 181 196 227 246 258 267 496 568
700:0 28 33 36 38 39 44 45 98 113 129 204 226 244 270 285 343 383 387 560 564 572 586 599
701:0 14 17 33 66 136 143 197 227 269 283 297 332 340 355 468 566
702:0 33 39 84 87 156 162 173 204 268 435 494 521 575 577 579
703:0 33 106 113 157 175 246 285 397 408 444 446 470 479 572
704:0 33 34 55 71 174 175 182 225 240 330 352 406
705:0 33 34 55 71 174 175 182 225 240 330 352 406 491
706:0 33 34 55 71 174 175 182 225 240 330 342 352 364 401 406 438 491 671
707:0 33 259 278 286 310 319 387 430 478 492 562 564 565 579 590
708:0 33 73 74 109 174 194 261 275 310 452 506 532 567 578 735
709:0 33 73 74 109 174 194 261 275 310 421 452 506 532 567 578 735
710:0 73 75 109 184 220 247 271 310 331 388 402 425 581
710:1 73 75 109 184 220 247 271 310 331 388 402 425 581
710:2 73 75 109 184 220 247 271 310 331 388 402 425 581
710:3 73 75 109 184 220 247 271 310 331 388 402 425 581
711:0 73 75 109 153 184 220 247 271 310 331 388 402 425 572 578 581
711:1 73 75 109 153 184 220 247 271 310 331 388 402 425 572 578 581
711:2 73 75 109 153 184 220 247 271 310 331 388 402 425 572 578 581
711:3 73 75 109 153 184 220 247 271 310 331 388 402 425 572 578 581
712:0 33 36 38 44 59 105 106 174 181 182 196 229 242 334 419 423
713:0 33 34 36 38 44 59 105 106 130 174 181 182 196 229 242 334 419 423 469
714:0 16 17 18 33 44 48 71 103 104 162 314 355 366 403 542
715:0 16 17 18 33 44 48 71 103 104 162 236 314 355 366 403 406 542 561
716:0 33 36 62 113 200 224 244 267 275 312 356 370 400 416 505 532 569 572 599
717:0 16 50 63 94 104 143 269 355 366 389 399 403 407 411 492 542 555 576 578
718:0 20 44 89 91 114 137 200 201 219 225 242 406 489 523 596 616 617 622
718:1 20 44 89 91 114 137 200 201 219 225 242 406 489 523 596 616 617 622
718:2 20 44 89 91 114 137 200 201 219 225 242 406 489 523 596 616 617 622
719:0 33 106 113 157 175 246 285 397 408 444 446 470 479 572 611
721:0 23 36 43 54 55 56 83 114 153 184 311 315 352 394 488 503 510 613
722:0 33 45 64 75 235 297 310 348 365 389 413 417 425 625
723:0 33 45 64 75 235 297 310 348 365 389 413 417 425 625
724:0 33 45 64 75 180 235 297 310 348 365 369 389 413 417 425 437 578 625 642
725:0 10 24 37 44 45 46 52 53 122 154 184 207 394 424
726:0 10 24 37 44 45 46 52 53 122 154 184 207 394 424
727:0 10 24 37 44 45 46 52 53 122 154 184 207 238 339 394 424 634 643
728:0 1 45 47 55 56 61 196 227 304 453 560 572 586 599
729:0 1 45 47 55 56 61 196 227 304 453 560 572 586 599
730:0 1 45 47 55 56 61 196 227 304 453 560 572 586 599 644
736:0 11 44 81 91 189 209 242 404 450 605
737:0 11 44 81 91 189 209 242 268 334 404 435 450 605
738:0 11 12 19 44 81 85 91 97 189 192 209 242 268 334 404 405 435 450 605
742:0 71 78 230 312 405 415 483 522 563 564 565
743:0 71 78 230 312 343 405 415 483 522 563 564 565 654
744:0 28 33 43 44 46 88 104 157 184 242 317 336 444 446
745:0 28 33 43 44 46 88 98 104 157 184 242 317 336 389 444 446 501 632
745:1 28 33 43 44 46 68 88 104 157 179 184 203 242 269 317 336 444 446
745:2 28 33 43 44 46 68 88 98 104 157 179 184 203 242 269 306 317 336 389 444 446 501 632
746:0 38 45 55 56 251 253 270 283 291 362 392 401 487 671
746:1 38 45 55 56 251 253 270 283 291 362 392 401 487 671
747:0 40 42 44 64 92 105 390 398 469 474 607 668
748:0 40 42 44 64 92 105 390 398 469 474 607 647 668
749:0 23 24 25 68 70 89 189 249 276 334 484 523 624
750:0 23 24 25 68 70 89 189 249 276 334 484 523 624
751:0 29 44 55 61 141 242 243 392 450 487 494 571 656 668
752:0 29 44 55 61 141 242 243 392 450 469 487 494 571 656 668
753:0 74 75 76 163 210 230 235 241 275 348 404 625
754:0 74 75 76 163 210 230 235 241 275 348 400 404 530 570 625 630
755:0 71 72 79 109 138 147 202 236 275 310 563 572 650
756:0 71 72 79 109 138 147 202 236 275 310 563 572 650
757:0 10 52 53 92 123 139 230 283 305 406 417 474 510 607
758:0 1 10 50 52 53 92 123 139 207 227 230 259 282 283 305 406 417 474 510 607 657
759:0 33 36 37 38 43 70 175 203 220 276 359 371 560 664
760:0 20 33 36 37 38 43 70 175 203 220 276 359 371 560 664
761:0 75 150 175 229 230 298 312 345 580 583
762:0 23 75 150 175 229 230 298 312 345 437 580 583
763:0 23 75 136 150 175 207 229 230 298 312 345 437 438 580 583 639
764:0 22 35 73 74 80 186 230 235 270 312 345 447 564 570 579 592 593 649
765:0 93 94 244 248 269 347 417 428 433 492 495 500 511 641
766:0 33 36 37 38 43 116 179 184 249 251 339 370 374 416
767:0 28 111 522
768:0 14 28 42 111 163 180 210 249 334 341 389 450 522 534 646 668
769:0 28 71 72 95 106 201 202 247 310 328 334 414 523 645
770:0 28 71 72 95 106 201 202 247 310 328 334 414 523 645
771:0 68 92 105 106 174 219 220 226 262 269 270 380 487 662
772:0 33 36 38 161 184 286 306 319 332 403 404 442 458
773:0 33 36 38 44 153 161 184 242 286 305 306 319 332 403 404 422 423 424 442 458 600 638
773:1 33 36 38 44 153 161 184 242 286 305 306 319 332 403 404 422 423 424 442 458 600 638
773:2 33 36 38 44 153 161 184 242 286 305 306 319 332 403 404 422 423 424 442 458 600 638
773:3 33 36 38 44 153 161 184 242 286 305 306 319 332 403 404 422 423 424 442 458 600 638
773:4 33 36 38 44 153 161 184 242 286 305 306 319 332 403 404 422 423 424 442 458 600 638
773:5 33 36 38 44 153 161 184 242 286 305 306 319 332 403 404 422 423 424 442 458 600 638
773:6 33 36 38 44 153 161 184 242 286 305 306 319 332 403 404 422 423 424 442 458 600 638
773:7 33 36 38 44 153 161 184 242 286 305 306 319 332 403 404 422 423 424 442 458 600 638
773:8 33 36 38 44 153 161 184 242 286 305 306 319 332 403 404 422 423 424 442 458 600 638
773:9 33 36 38 44 153 161 184 242 286 305 306 319 332 403 404 422 423 424 442 458 600 638
773:10 33 36 38 44 153 161 184 242 286 305 306 319 332 403 404 422 423 424 442 458 600 638
773:11 33 36 38 44 153 161 184 242 286 305 306 319 332 403 404 422 423 424 442 458 600 638
773:12 33 36 38 44 153 161 184 242 286 305 306 319 332 403 404 422 423 424 442 458 600 638
773:13 33 36 38 44 153 161 184 242 286 305 306 319 332 403 404 422 423 424 442 458 600 638
773:14 33 36 38 44 153 161 184 242 286 305 306 319 332 403 404 422 423 424 442 458 600 638
773:15 33 36 38 44 153 161 184 242 286 305 306 319 332 403 404 422 423 424 442 458 600 638
773:16 33 36 38 44 153 161 184 242 286 305 306 319 332 403 404 422 423 424 442 458 600 638
773:17 33 36 38 44 153 161 184 242 286 305 306 319 332 403 404 422 423 424 442 458 600 638
776:0 33 34 52 53 123 153 175 182 203 315 334 406 504 510 629
777:0 33 42 84 111 209 268 393 435 528 575 588 591 604 672
778:0 10 102 104 150 163 204 220 310 383 421 425 452 468 560 579
778:1 10 102 104 150 163 204 220 310 383 421 425 452 468 560 579
780:0 19 113 137 182 200 219 225 239 304 326 406 497 580
781:0 21 35 71 72 74 202 229 247 250 310 319 360 412 415 438 484 578 655
782:0 29 33 43 103 182 184 200 334 337 349 525 526 574
783:0 29 33 43 103 182 184 200 334 337 349 370 475 525 526 574
784:0 29 33 43 103 182 184 187 200 334 337 349 370 475 525 526 561 574 637 725
785:0 84 97 98 103 110 206 209 212 268 351 384 413 435 528 565 588 627
786:0 60 93 110 212 230 260 285 310 312 321 326 473 564 572 583 627 633
787:0 18 30 50 72 73 110 130 184 212 224 249 428 452 532 593 625 627
788:0 54 55 56 57 110 114 212 330 352 362 392 432 487 505 572 586 599 627
789:0 100 150
790:0 100 322
791:0 76 100 232 234 242 319 322 368 394 416 428 430 442 469 528 574 631
792:0 63 93 95 100 101 109 138 236 247 277 322 403 469 539 572 578 626
793:0 1 29 35 51 243 321 390 408 446 457 470 471 472 474 491 499 607
794:0 5 68 106 116 179 203 223 233 264 269 276 339 359 591 602 656
795:0 23 24 43 67 97 136 167 229 340 364 405 450 483 501 656 660
796:0 9 35 84 85 86 95 192 209 268 275 351 393 435 438 587 588
797:0 33 38 71 72 73 106 130 202 275 319 334 430 469 475 479 484
798:0 12 14 15 75 197 206 210 235 314 332 348 400 410 432 533 636
799:0 23 34 37 44 242 254 256 282 359 380 407 416 469 484 525 584 666
800:0 93 163 232 234 236 334 350 356 400 408 427 446 451 475 500 669 705
800:1 93 163 232 234 236 334 350 356 400 408 427 446 451 475 500 669 705
800:2 93 163 232 234 236 334 350 356 400 408 427 446 451 475 500 669 705
801:0 60 62 111 170 192 205 220 270 334 360 396 430 442 508 562 623 653
801:1 60 62 111 170 192 205 220 270 334 360 396 430 442 508 562 623 653
802:0 7 8 9 68 244 272 283 325 364 370 372 383 389 395 409 425 636 670
803:0 31 45 51 64 92 204 270 380 398 406 417 474 591 607
804:0 31 45 51 64 92 204 270 314 380 398 403 406 407 417 474 591 607
805:0 23 33 36 38 88 106 157 182 334 335 350 393 442 446 469 475
806:0 52 83 95 101 109 113 126 247 261 271 277 310 347 510 573 704
807:0 9 10 97 98 154 163 209 252 268 370 435 468 501 521 528 555 602 709
808:0 29 39 84 86 106 151 430
809:0 5 9 29 39 63 84 86 106 151 182 223 276 430 435 711
810:0 10 21 45 75 103 253 269 282 283 452 735
811:0 10 21 45 75 103 253 269 282 283 452 458 735
812:0 10 21 45 75 103 253 269 282 283 452 458 561 574 593 728 735
813:0 24 29 33 38 45 52 68 97 98 340 488
814:0 24 29 33 38 45 52 68 97 98 340 488
815:0 24 29 33 38 45 52 68 97 98 340 364 488 724 730
816:0 1 20 45 55 240 352 369 389 487 668 671
817:0 1 20 45 55 240 352 369 389 487 668 671
818:0 1 20 45 55 56 240 352 369 389 487 512 668 671 713
819:0 33 34 39 44 68 156 162 254 255 256 331 584 715
820:0 33 34 39 44 68 156 162 254 255 256 331 343 584 715
821:0 31 43 64 65 184 207 269 365 413 468 658
822:0 31 43 64 65 184 207 269 365 413 468 658
823:0 31 43 64 65 184 207 211 269 319 334 365 413 468 658
824:0 522
825:0 93 113 115 522
826:0 60 93 94 95 97 109 113 115 243 277 347 405 495 502 522 633
827:0 39 98 251 372 389 400 417 468 492 541 555
828:0 39 98 168 251 372 389 400 417 468 492 541 555 600
829:0 47 75 229 230 235 304 312 437 496 536 625
830:0 47 75 178 229 230 235 304 312 437 496 536 538 625
831:0 24 29 33 36 38 45 111 179 383 385 470 538
832:0 24 29 33 36 38 45 111 179 383 385 387 470 538
833:0 29 33 34 44 55 68 182 668 714
834:0 29 33 34 44 55 68 182 242 317 397 457 534 668 714
835:0 33 39 44 46 204 209 242 268 528 575 579
836:0 33 39 44 46 204 209 242 268 528 575 579 588 589
837:0 33 108 229 246 350 397 446 479 510 535
838:0 33 108 229 246 350 397 446 479 488 510 535 659
839:0 33 108 229 246 350 397 446 479 488 510 535 659 717
840:0 110 310
841:0 17 19 73 74 110 182 225 239 278 310 334 349 406 407 491 512 738
842:0 23 29 34 73 74 105 110 174 182 230 278 310 331 334 406 412 737
843:0 21 28 29 35 91 107 137 201 328 489 523 664
844:0 21 28 29 35 91 107 130 137 201 328 489 523 664
845:0 31 37 55 56 64 65 133 254 255 256 291 365 584
845:1 31 37 55 56 64 65 133 254 255 256 291 365 584
845:2 31 37 55 56 64 65 133 254 255 256 291 365 584
846:0 31 38 44 64 97 242 291 453 636 668
847:0 31 38 44 64 97 242 291 453 634 636 668
848:0 45 51 175 575 584 671
849:0 43 45 51 84 92 103 175 184 207 209 268 269 351 398 435 474 491 508 561 574 575 584 587 671 736
849:1 43 45 51 84 92 103 175 184 207 209 268 269 351 398 435 491 561 574 575 584 587 597 607 671 736
850:0 21 35 44 52 83 108 172 242 450 489 656 657 659
851:0 21 35 44 52 83 108 172 242 450 489 517 656 657 659
852:0 20 43 66 179 197 249 269 276 280 339 364
853:0 20 43 66 179 190 197 249 269 276 280 339 364 606 721
854:0 72 110 182 202 247 262 310 312 389 417 504 583
855:0 72 110 174 182 202 247 262 310 312 389 417 504 583 650 720
856:0 60 93 94 312 347 361 505 563 580 586 741
857:0 60 93 94 312 347 361 505 563 580 586 664 741
858:0 60 93 94 312 347 361 427 505 563 580 586 664 718 741
859:0 44 207 252 259 260 313 372 389 399 417 492 579 585
860:0 44 207 252 259 260 313 372 389 399 417 492 579 585 743
861:0 44 207 252 259 260 313 339 359 372 389 399 417 492 579 585 602 739 743
862:0 28 29 33 36 38 42 43 66 68 122 154 156 184 238 269 400 415 468 555 560 742
863:0 6 10 37 45 103 154 163 207 232 252 269 319 334 368 442 468
864:0 33 50 101 106 174 180 195 243 246 288 310 408 506 650
865:0 14 21 28 43 64 197 210 249 280 282 334 348 413 432 515 646 664 744
866:0 1 24 60 93 94 95 102 113 115 182 196 219 226 227 229 243 272 278 298 303 313 335 383 389 420 495 502 563 568 599
867:0 21 50 89 101 114 174 182 184 194 212 247 310 421 470 471 506 562 664
868:0 33 105 151 186 213 230 312 494 563 564 583 599
869:0 33 105 151 186 213 230 312 494 563 564 583 599 727
869:1 33 105 151 186 213 230 312 494 563 564 583 599 727
869:2 33 105 151 186 213 230 312 494 563 564 583 599 727
869:3 33 105 151 186 213 230 312 494 563 564 583 599 727
869:4 33 105 151 186 213 230 312 494 563 564 583 599 727
869:5 33 105 151 186 213 230 312 494 563 564 583 599 727
869:6 33 105 151 186 213 230 312 494 563 564 583 599 727
869:7 33 105 151 186 213 230 312 494 563 564 583 599 727
869:8 33 105 151 186 213 230 312 494 563 564 583 599 727
870:0 29 33 68 116 179 182 203 224 249 334 339 370 646 716
871:0 31 55 61 64 84 105 174 209 268 367 398 435 588 672
872:0 181 522
873:0 54 59 62 78 181 196 213 258 270 297 366 405 432 469 483 522 571 635
874:0 23 25 34 88 157 317 335 356 397 444 446 469 484
875:0 29 33 54 57 59 133 181 196 258 311 568 635
875:1 29 33 54 57 59 133 181 196 258 311 568 635
876:0 60 94 227 270 312 347 387 471 495 500 580 586 633
876:1 60 94 226 266 270 312 347 361 470 500 580 586 633
877:0 37 39 43 44 84 97 98 209 242 259 260 331 658 733
877:1 37 39 43 44 84 97 98 209 242 259 260 331 658 733
878:0 23 33 45 70 91 205 249 276 334 442 523 579 624
879:0 23 33 45 70 91 205 249 276 334 442 484 523 579 624
880:0 21 23 33 84 246 268 332 365 406 407 435 525 722
881:0 21 59 84 181 246 268 365 419 435 497 556 568 722
882:0 23 33 44 55 162 182 225 242 246 406 407 664 723
883:0 44 55 59 162 181 182 196 242 246 556 568 635 723
884:0 43 63 232 249 319 334 337 368 430 468 525 636 734
885:0 44 98 310 571
886:0 36 38 44 97 98 199 310 349 369 372 387 406 407 458 506 571 578
887:0 36 38 44 97 98 199 225 310 349 369 372 387 389 407 458 506 571 578 719
888:0 14 44 98 163 232 242 336 370 416 442 501 533 572 636
888:1 14 44 98 163 232 242 336 370 416 442 501 533 572 636
889:0 44 98 163 232 242 334 336 368 370 416 442 469 572 636
889:1 44 98 163 232 242 334 336 368 370 416 442 469 572 636
890:0 53 63 92 97 105 109 322 342 349 406 440 474 525 712 745
890:1 53 63 92 97 105 109 322 342 349 406 440 474 525 712 745
891:0 29 43 68 116 184 197 203 223 249 264 280 332 339 370 442
892:0 29 43 68 116 184 197 203 223 249 264 280 332 339 370 389 442 767
892:1 29 43 68 116 184 197 203 223 249 264 280 332 339 370 442 453 768
893:0 10 20 22 37 43 44 74 154 184 207 235 359 369 412 438 447 766
893:1 10 20 22 37 43 44 74 154 184 207 235 359 369 412 438 447 766
894:0 37 63 84 85 86 153 192 199 229 245 246 351 393 527 769
895:0 11 37 44 63 116 153 225 239 242 246 337 349 359 636 770
896:0 14 23 24 33 36 37 38 39 54 259 269 334 419 556
897:0 23 24 33 36 37 38 39 50 97 109 114 247 417 506
898:0 1 72 73 74 76 93 94 202 248 270 312 412 473 505 741
898:1 1 14 23 24 33 36 37 38 39 54 72 73 74 76 93 94 202 248 259 269 270 312 334 412 419 473 505 556 741 774
898:2 1 23 24 33 36 37 38 39 50 72 73 74 76 93 94 97 109 114 202 247 248 270 312 412 417 473 505 506 741 775
